Table S7. Coefficients for analytical approximation to the scattering factors  
  in the 2 <= sin(theta)/lambda (STL) <= 6 reciprocal angstroms range using expansion (2) with n=4.
  DATE = 2023-03-11     TIME = 14:52:22
 
   Z    Atom                 a0             a1          a2*10         a3*100             a4          C       Max.Err.  STL Mean.Err.
 
   3   Li(1+)      1.627625E+00  -3.309845E+00   5.859945E+00  -6.486344E+00   3.080754E-03       1.000000     0.0000  6.00  0.0000
   4   Be(2+)      1.775833E+00  -2.563809E+00   3.593632E+00  -3.218886E+00   1.263390E-03       1.000000     0.0000  2.00  0.0000
   5   B(1+)       1.730135E+00  -1.896823E+00   1.661471E+00  -5.257844E-01  -1.969741E-04       1.000000     0.0000  2.00  0.0000
   5   B(2+)       1.709946E+00  -1.895618E+00   1.661565E+00  -5.304385E-01  -1.923416E-04       1.000000     0.0000  2.00  0.0000
   5   B(3+)       1.676269E+00  -1.895017E+00   1.668167E+00  -5.497907E-01  -1.772296E-04       1.000000     0.0000  2.00  0.0000
   6   C(1+)       1.504888E+00  -1.302562E+00   3.425532E-02   1.645219E+00  -1.333381E-03       1.000000     0.0001  2.00  0.0000
   6   C(2+)       1.519494E+00  -1.302541E+00   2.732122E-02   1.663007E+00  -1.346619E-03       1.000000     0.0001  2.00  0.0000
   6   C(3+)       1.502407E+00  -1.312944E+00   7.513186E-02   1.576150E+00  -1.290787E-03       1.000000     0.0001  2.00  0.0000
   6   C(4+)       1.480423E+00  -1.332550E+00   1.625233E-01   1.419788E+00  -1.191214E-03       1.000000     0.0001  2.00  0.0000
   6   C(val)      1.474064E+00  -1.309415E+00   7.420405E-02   1.566296E+00  -1.280468E-03       1.000000     0.0001  2.00  0.0000
   7   N(1+)       1.240655E+00  -8.062610E-01  -1.222987E+00   3.216707E+00  -2.111450E-03       1.000000     0.0002  2.00  0.0001
   7   N(2+)       1.246453E+00  -7.999144E-01  -1.252744E+00   3.270671E+00  -2.145903E-03       1.000000     0.0002  2.00  0.0001
   7   N(3+)       1.257343E+00  -7.946287E-01  -1.281640E+00   3.326045E+00  -2.182268E-03       1.000000     0.0003  2.00  0.0001
   7   N(4+)       1.260727E+00  -8.320707E-01  -1.131225E+00   3.071153E+00  -2.025532E-03       1.000000     0.0002  2.00  0.0001
   7   N(5+)       1.272986E+00  -8.918643E-01  -8.931508E-01   2.669896E+00  -1.779687E-03       1.000000     0.0002  2.00  0.0001
   8   O(1+)       9.816085E-01  -4.091135E-01  -2.125991E+00   4.236123E+00  -2.569597E-03       1.000000     0.0004  2.00  0.0001
   8   O(2+)       9.794963E-01  -3.969617E-01  -2.175583E+00   4.320104E+00  -2.620963E-03       1.000000     0.0004  2.00  0.0001
   8   O(1-)       9.887834E-01  -4.267101E-01  -2.057528E+00   4.122865E+00  -2.501271E-03       1.000000     0.0003  2.00  0.0001
   9   F(1-)       7.683384E-01  -1.311246E-01  -2.615485E+00   4.624473E+00  -2.668605E-03       1.000000     0.0004  2.00  0.0001
  11   Na(1+)      4.658668E-01   2.047863E-01  -2.898057E+00   4.411297E+00  -2.334633E-03       1.000000     0.0003  6.00  0.0001
  12   Mg(2+)      4.291913E-01   2.213890E-01  -2.542806E+00   3.573969E+00  -1.763383E-03       1.000000     0.0003  2.00  0.0001
  13   Al(1+)      4.720683E-01   1.454210E-01  -1.880835E+00   2.280555E+00  -9.380900E-04       0.999999     0.0012  2.00  0.0002
  13   Al(3+)      5.012894E-01   1.167832E-01  -1.789477E+00   2.150566E+00  -8.685975E-04       0.999999     0.0012  2.00  0.0003
  14   Si(1+)      6.702589E-01  -9.263485E-02  -6.837969E-01   1.988113E-01   3.214754E-04       0.999997     0.0026  2.00  0.0006
  14   Si(2+)      6.618589E-01  -8.431834E-02  -7.110839E-01   2.385425E-01   2.998185E-04       0.999997     0.0026  2.00  0.0006
  14   Si(3+)      6.787120E-01  -9.952146E-02  -6.662843E-01   1.794138E-01   3.292850E-04       0.999997     0.0026  2.00  0.0006
  14   Si(4+)      7.024631E-01  -1.208074E-01  -6.041012E-01   9.810176E-02   3.694167E-04       0.999997     0.0026  2.00  0.0006
  14   Si(val)     6.941530E-01  -1.152543E-01  -6.131667E-01   1.002641E-01   3.732506E-04       0.999997     0.0026  2.00  0.0006
  15   P(1+)       1.022721E+00  -4.815454E-01   1.000223E+00  -2.585737E+00   1.960555E-03       0.999989     0.0046  2.00  0.0012
  15   P(2+)       1.013753E+00  -4.731018E-01   9.733458E-01  -2.547578E+00   1.940191E-03       0.999989     0.0046  2.00  0.0012
  15   P(3+)       1.001141E+00  -4.609579E-01   9.335593E-01  -2.489675E+00   1.908636E-03       0.999989     0.0046  2.00  0.0012
  15   P(4+)       1.019535E+00  -4.752771E-01   9.674449E-01  -2.523279E+00   1.919884E-03       0.999990     0.0045  2.00  0.0012
  15   P(5+)       1.043011E+00  -4.931973E-01   1.008136E+00  -2.560716E+00   1.930478E-03       0.999990     0.0044  2.00  0.0011
  16   S(1+)       1.533109E+00  -1.015706E+00   3.134791E+00  -5.995833E+00   3.925062E-03       0.999974     0.0070  2.00  0.0019
  16   S(2+)       1.523987E+00  -1.007556E+00   3.109869E+00  -5.961672E+00   3.907381E-03       0.999974     0.0070  2.00  0.0019
  16   S(3+)       1.510512E+00  -9.951219E-01   3.070147E+00  -5.905042E+00   3.877043E-03       0.999974     0.0070  2.00  0.0019
  16   S(4+)       1.491823E+00  -9.775131E-01   3.012336E+00  -5.820703E+00   3.830988E-03       0.999974     0.0070  2.00  0.0019
  16   S(5+)       1.503832E+00  -9.822819E-01   3.002554E+00  -5.776120E+00   3.793234E-03       0.999976     0.0068  2.00  0.0018
  16   S(6+)       1.517236E+00  -9.863558E-01   2.982661E+00  -5.707410E+00   3.738145E-03       0.999978     0.0065  2.00  0.0018
  17   Cl(1+)      2.183006E+00  -1.667371E+00   5.601309E+00  -9.823049E+00   6.084569E-03       0.999952     0.0092  2.00  0.0026
  17   Cl(2+)      2.174255E+00  -1.660035E+00   5.580200E+00  -9.795752E+00   6.071191E-03       0.999952     0.0092  2.00  0.0026
  17   Cl(3+)      2.160498E+00  -1.647907E+00   5.542755E+00  -9.743907E+00   6.044101E-03       0.999951     0.0093  2.00  0.0026
  17   Cl(4+)      2.140728E+00  -1.629976E+00   5.485300E+00  -9.661747E+00   5.999976E-03       0.999952     0.0093  2.00  0.0026
  17   Cl(5+)      2.113779E+00  -1.605084E+00   5.403695E+00  -9.542824E+00   5.935118E-03       0.999952     0.0092  2.00  0.0026
  17   Cl(6+)      2.108567E+00  -1.589201E+00   5.310096E+00  -9.357665E+00   5.812895E-03       0.999955     0.0089  2.00  0.0025
  17   Cl(7+)      2.099461E+00  -1.566894E+00   5.184834E+00  -9.113894E+00   5.653271E-03       0.999960     0.0085  2.00  0.0024
  17   Cl(1-)      2.188876E+00  -1.671215E+00   5.607822E+00  -9.825378E+00   6.082719E-03       0.999952     0.0092  2.00  0.0026
  19   K(1+)       3.696294E+00  -3.084933E+00   1.060106E+01  -1.719304E+01   1.007008E-02       0.999917     0.0110  2.00  0.0037
  20   Ca(2+)      4.399552E+00  -3.681782E+00   1.251033E+01  -1.974549E+01   1.132242E-02       0.999927     0.0095  2.00  0.0037
  21   Sc(1+)      4.932422E+00  -4.070434E+00   1.355442E+01  -2.082381E+01   1.167898E-02       0.999955     0.0080  6.00  0.0032
  21   Sc(2+)      4.923898E+00  -4.060991E+00   1.351807E+01  -2.076553E+01   1.164531E-02       0.999955     0.0079  6.00  0.0032
  21   Sc(3+)      4.955776E+00  -4.090367E+00   1.361656E+01  -2.090922E+01   1.172275E-02       0.999955     0.0080  6.00  0.0032
  22   Ti(2+)      5.237618E+00  -4.196790E+00   1.355499E+01  -2.017860E+01   1.101332E-02       0.999981     0.0061  6.00  0.0022
  22   Ti(3+)      5.263467E+00  -4.218831E+00   1.362320E+01  -2.027030E+01   1.105885E-02       0.999981     0.0061  6.00  0.0022
  22   Ti(4+)      5.299890E+00  -4.249981E+00   1.371990E+01  -2.040066E+01   1.112374E-02       0.999981     0.0061  6.00  0.0022
  23   V(1+)       5.312365E+00  -4.072964E+00   1.260465E+01  -1.801604E+01   9.472474E-03       0.999990     0.0047  2.00  0.0018
  23   V(2+)       5.322114E+00  -4.079976E+00   1.262193E+01  -1.803281E+01   9.477341E-03       0.999989     0.0048  2.00  0.0018
  23   V(3+)       5.340475E+00  -4.093404E+00   1.265587E+01  -1.806721E+01   9.488375E-03       0.999989     0.0050  2.00  0.0018
  23   V(4+)       5.366473E+00  -4.112527E+00   1.270461E+01  -1.811725E+01   9.504862E-03       0.999989     0.0053  2.00  0.0018
  23   V(5+)       5.399476E+00  -4.136830E+00   1.276663E+01  -1.818100E+01   9.525887E-03       0.999988     0.0056  2.00  0.0019
  24   Cr(1+)      5.185811E+00  -3.733739E+00   1.085169E+01  -1.460044E+01   7.224340E-03       0.999978     0.0105  2.00  0.0024
  24   Cr(2+)      5.191275E+00  -3.735966E+00   1.085037E+01  -1.458668E+01   7.211102E-03       0.999978     0.0106  2.00  0.0024
  24   Cr(3+)      5.201696E+00  -3.740607E+00   1.085036E+01  -1.456557E+01   7.189339E-03       0.999977     0.0108  2.00  0.0025
  24   Cr(4+)      5.216595E+00  -3.747431E+00   1.085151E+01  -1.453777E+01   7.159799E-03       0.999976     0.0111  2.00  0.0026
  24   Cr(5+)      5.235578E+00  -3.756173E+00   1.085325E+01  -1.450282E+01   7.122428E-03       0.999975     0.0115  2.00  0.0027
  24   Cr(6+)      5.258359E+00  -3.766571E+00   1.085470E+01  -1.445943E+01   7.076525E-03       0.999973     0.0120  2.00  0.0028
  25   Mn(1+)      4.888699E+00  -3.218792E+00   8.469423E+00  -1.024074E+01   4.463686E-03       0.999955     0.0158  2.00  0.0041
  25   Mn(2+)      4.883312E+00  -3.215035E+00   8.461885E+00  -1.023821E+01   4.466929E-03       0.999956     0.0156  2.00  0.0041
  25   Mn(3+)      4.886226E+00  -3.211661E+00   8.431811E+00  -1.016921E+01   4.417477E-03       0.999955     0.0159  2.00  0.0042
  25   Mn(4+)      4.890658E+00  -3.207295E+00   8.390970E+00  -1.007447E+01   4.349223E-03       0.999953     0.0162  2.00  0.0043
  25   Mn(5+)      4.896432E+00  -3.201898E+00   8.339595E+00  -9.954793E+00   4.262839E-03       0.999951     0.0166  2.00  0.0044
  25   Mn(6+)      4.903356E+00  -3.195318E+00   8.277250E+00  -9.809647E+00   4.158071E-03       0.999948     0.0171  2.00  0.0045
  25   Mn(7+)      4.911220E+00  -3.187311E+00   8.202967E+00  -9.637402E+00   4.033933E-03       0.999945     0.0176  2.00  0.0047
  26   Fe(1+)      4.451924E+00  -2.579793E+00   5.710356E+00  -5.417045E+00   1.505337E-03       0.999934     0.0195  2.00  0.0057
  26   Fe(2+)      4.449718E+00  -2.579805E+00   5.718117E+00  -5.440325E+00   1.524133E-03       0.999935     0.0193  2.00  0.0057
  26   Fe(3+)      4.446180E+00  -2.569815E+00   5.664161E+00  -5.334591E+00   1.454111E-03       0.999934     0.0196  2.00  0.0058
  26   Fe(4+)      4.441655E+00  -2.556260E+00   5.590135E+00  -5.188796E+00   1.357278E-03       0.999932     0.0199  2.00  0.0059
  26   Fe(5+)      4.436156E+00  -2.539285E+00   5.496923E+00  -5.004749E+00   1.234855E-03       0.999930     0.0202  2.00  0.0060
  26   Fe(6+)      4.429608E+00  -2.518867E+00   5.384588E+00  -4.782719E+00   1.087070E-03       0.999927     0.0207  2.00  0.0062
  27   Co(1+)      3.950338E+00  -1.902808E+00   2.918081E+00  -7.032060E-01  -1.306950E-03       0.999924     0.0214  2.00  0.0069
  27   Co(2+)      3.944912E+00  -1.893773E+00   2.875830E+00  -6.260939E-01  -1.355854E-03       0.999923     0.0215  2.00  0.0070
  27   Co(3+)      3.936293E+00  -1.878857E+00   2.805101E+00  -4.960433E-01  -1.438712E-03       0.999922     0.0217  2.00  0.0070
  27   Co(4+)      3.924761E+00  -1.858509E+00   2.707959E+00  -3.167722E-01  -1.553190E-03       0.999921     0.0219  2.00  0.0071
  27   Co(5+)      3.910479E+00  -1.833013E+00   2.585752E+00  -9.076536E-02  -1.697705E-03       0.999919     0.0222  2.00  0.0073
  28   Ni(1+)      3.426151E+00  -1.223991E+00   2.033803E-01   3.758123E+00  -3.907453E-03       0.999923     0.0219  2.00  0.0077
  28   Ni(2+)      3.418518E+00  -1.212977E+00   1.549927E-01   3.843197E+00  -3.960044E-03       0.999923     0.0219  2.00  0.0077
  28   Ni(3+)      3.406257E+00  -1.194839E+00   7.444990E-02   3.985686E+00  -4.048480E-03       0.999922     0.0221  2.00  0.0078
  28   Ni(4+)      3.389750E+00  -1.170095E+00  -3.603140E-02   4.181755E+00  -4.170416E-03       0.999921     0.0223  2.00  0.0079
  29   Cu(1+)      2.919938E+00  -5.934509E-01  -2.227230E+00   7.617323E+00  -6.086004E-03       0.999932     0.0209  2.00  0.0079
  29   Cu(2+)      2.910855E+00  -5.813362E-01  -2.278223E+00   7.704427E+00  -6.138708E-03       0.999932     0.0209  2.00  0.0079
  29   Cu(3+)      2.896291E+00  -5.615095E-01  -2.362481E+00   7.849172E+00  -6.226616E-03       0.999931     0.0210  2.00  0.0080
  29   Cu(4+)      2.876681E+00  -5.345125E-01  -2.477792E+00   8.047849E+00  -6.347507E-03       0.999930     0.0212  2.00  0.0080
  30   Zn(2+)      2.451260E+00  -2.919808E-02  -4.315639E+00   1.079730E+01  -7.806902E-03       0.999946     0.0187  2.00  0.0076
  31   Ga(1+)      2.020199E+00   4.740492E-01  -6.101042E+00   1.339001E+01  -9.138526E-03       0.999960     0.0175  6.00  0.0070
  31   Ga(2+)      2.029168E+00   4.625500E-01  -6.052431E+00   1.330594E+01  -9.087196E-03       0.999960     0.0174  6.00  0.0070
  31   Ga(3+)      2.042457E+00   4.455458E-01  -5.980548E+00   1.318157E+01  -9.011215E-03       0.999961     0.0173  6.00  0.0069
  32   Ge(1+)      1.671275E+00   8.621687E-01  -7.363772E+00   1.502949E+01  -9.865023E-03       0.999974     0.0161  6.00  0.0060
  32   Ge(2+)      1.673641E+00   8.595281E-01  -7.355108E+00   1.501829E+01  -9.859942E-03       0.999974     0.0161  6.00  0.0060
  32   Ge(3+)      1.687300E+00   8.427583E-01  -7.286331E+00   1.490216E+01  -9.790418E-03       0.999974     0.0160  6.00  0.0060
  32   Ge(4+)      1.705758E+00   8.201437E-01  -7.193638E+00   1.474567E+01  -9.696723E-03       0.999975     0.0159  6.00  0.0060
  33   As(2+)      1.400728E+00   1.145850E+00  -8.170723E+00   1.586381E+01  -1.009343E-02       0.999985     0.0139  6.00  0.0048
  33   As(3+)      1.405096E+00   1.141100E+00  -8.154980E+00   1.584280E+01  -1.008344E-02       0.999985     0.0139  6.00  0.0048
  33   As(5+)      1.446945E+00   1.091669E+00  -7.958294E+00   1.551909E+01  -9.893896E-03       0.999985     0.0137  6.00  0.0048
  34   Se(2+)      1.205976E+00   1.331341E+00  -8.557309E+00   1.596826E+01  -9.877738E-03       0.999993     0.0109  6.00  0.0035
  34   Se(4+)      1.216352E+00   1.320518E+00  -8.522786E+00   1.592404E+01  -9.857675E-03       0.999993     0.0110  6.00  0.0035
  34   Se(6+)      1.266861E+00   1.262924E+00  -8.300669E+00   1.556873E+01  -9.654990E-03       0.999993     0.0108  6.00  0.0035
  35   Br(1+)      1.086128E+00   1.422913E+00  -8.554001E+00   1.541499E+01  -9.272341E-03       0.999997     0.0075  6.00  0.0025
  35   Br(3+)      1.091765E+00   1.417408E+00  -8.538424E+00   1.539833E+01  -9.266635E-03       0.999997     0.0076  6.00  0.0025
  35   Br(4+)      1.097611E+00   1.411572E+00  -8.520664E+00   1.537683E+01  -9.257564E-03       0.999997     0.0076  6.00  0.0025
  35   Br(5+)      1.105779E+00   1.403386E+00  -8.495314E+00   1.534530E+01  -9.243764E-03       0.999997     0.0076  6.00  0.0025
  35   Br(7+)      1.162970E+00   1.340471E+00  -8.261000E+00   1.498304E+01  -9.043875E-03       0.999997     0.0075  6.00  0.0025
  35   Br(1-)      1.086586E+00   1.422206E+00  -8.549747E+00   1.540594E+01  -9.266187E-03       0.999997     0.0075  6.00  0.0025
  36   Kr(2+)      1.043672E+00   1.422196E+00  -8.187681E+00   1.427894E+01  -8.336648E-03       0.999997     0.0071  2.00  0.0023
  37   Rb(1+)      1.067195E+00   1.343862E+00  -7.518333E+00   1.266234E+01  -7.133393E-03       0.999995     0.0122  2.00  0.0028
  38   Sr(2+)      1.160187E+00   1.188703E+00  -6.569586E+00   1.063218E+01  -5.714680E-03       0.999990     0.0175  2.00  0.0042
  39   Y(2+)       1.320368E+00   9.626202E-01  -5.375227E+00   8.257820E+00  -4.127700E-03       0.999984     0.0229  2.00  0.0058
  39   Y(3+)       1.316585E+00   9.658248E-01  -5.382618E+00   8.262534E+00  -4.126907E-03       0.999983     0.0229  2.00  0.0058
  40   Zr(1+)      1.538006E+00   6.779713E-01  -3.985440E+00   5.621443E+00  -2.419543E-03       0.999974     0.0284  2.00  0.0075
  40   Zr(2+)      1.539275E+00   6.770883E-01  -3.984342E+00   5.623309E+00  -2.422597E-03       0.999975     0.0283  2.00  0.0075
  40   Zr(3+)      1.536441E+00   6.791571E-01  -3.987236E+00   5.620734E+00  -2.417608E-03       0.999974     0.0284  2.00  0.0076
  40   Zr(4+)      1.532543E+00   6.820819E-01  -3.991789E+00   5.618464E+00  -2.411645E-03       0.999974     0.0285  2.00  0.0076
  41   Nb(2+)      1.811967E+00   3.397390E-01  -2.432204E+00   2.791725E+00  -6.379264E-04       0.999964     0.0337  2.00  0.0093
  41   Nb(3+)      1.810083E+00   3.406985E-01  -2.430780E+00   2.782244E+00  -6.290026E-04       0.999963     0.0338  2.00  0.0093
  41   Nb(4+)      1.807389E+00   3.422209E-01  -2.429920E+00   2.771407E+00  -6.182122E-04       0.999963     0.0340  2.00  0.0093
  41   Nb(5+)      1.803856E+00   3.443803E-01  -2.430078E+00   2.760183E+00  -6.062360E-04       0.999963     0.0341  2.00  0.0094
  42   Mo(1+)      2.133529E+00  -4.143098E-02  -7.573781E-01  -1.660979E-01   1.182170E-03       0.999951     0.0389  2.00  0.0110
  42   Mo(2+)      2.133125E+00  -4.175131E-02  -7.528142E-01  -1.780592E-01   1.191279E-03       0.999951     0.0390  2.00  0.0110
  42   Mo(3+)      2.132204E+00  -4.188642E-02  -7.472156E-01  -1.941066E-01   1.203893E-03       0.999951     0.0391  2.00  0.0110
  42   Mo(4+)      2.130689E+00  -4.169992E-02  -7.413113E-01  -2.127784E-01   1.219025E-03       0.999950     0.0393  2.00  0.0111
  42   Mo(5+)      2.128488E+00  -4.105677E-02  -7.357630E-01  -2.328024E-01   1.235835E-03       0.999950     0.0394  2.00  0.0111
  42   Mo(6+)      2.125492E+00  -3.981364E-02  -7.312111E-01  -2.530099E-01   1.253572E-03       0.999950     0.0396  2.00  0.0112
  43   Tc(1+)      2.497558E+00  -4.609804E-01   1.029311E+00  -3.249222E+00   3.046157E-03       0.999937     0.0440  2.00  0.0127
  43   Tc(2+)      2.496568E+00  -4.591104E-01   1.018785E+00  -3.227164E+00   3.030720E-03       0.999937     0.0439  2.00  0.0127
  43   Tc(3+)      2.496615E+00  -4.603153E-01   1.028372E+00  -3.249367E+00   3.046737E-03       0.999937     0.0440  2.00  0.0127
  43   Tc(4+)      2.496242E+00  -4.613894E-01   1.038924E+00  -3.275100E+00   3.065705E-03       0.999936     0.0442  2.00  0.0128
  43   Tc(5+)      2.495306E+00  -4.621447E-01   1.049599E+00  -3.302835E+00   3.086648E-03       0.999936     0.0443  2.00  0.0128
  43   Tc(6+)      2.493650E+00  -4.623956E-01   1.059612E+00  -3.331188E+00   3.108700E-03       0.999935     0.0445  2.00  0.0129
  43   Tc(7+)      2.491108E+00  -4.619497E-01   1.068184E+00  -3.358829E+00   3.131047E-03       0.999935     0.0447  2.00  0.0129
  44   Ru(1+)      2.893779E+00  -9.010772E-01   2.833944E+00  -6.271717E+00   4.830068E-03       0.999923     0.0480  2.00  0.0143
  44   Ru(2+)      2.894857E+00  -9.030349E-01   2.844696E+00  -6.293406E+00   4.844666E-03       0.999923     0.0481  2.00  0.0143
  44   Ru(3+)      2.895856E+00  -9.052617E-01   2.857998E+00  -6.321211E+00   4.863716E-03       0.999923     0.0482  2.00  0.0143
  44   Ru(4+)      2.896570E+00  -9.074999E-01   2.872725E+00  -6.353122E+00   4.885952E-03       0.999922     0.0484  2.00  0.0144
  44   Ru(5+)      2.896807E+00  -9.095169E-01   2.887889E+00  -6.387402E+00   4.910293E-03       0.999922     0.0486  2.00  0.0144
  44   Ru(6+)      2.896374E+00  -9.110897E-01   2.902578E+00  -6.422484E+00   4.935775E-03       0.999921     0.0488  2.00  0.0145
  44   Ru(7+)      2.895072E+00  -9.119966E-01   2.915914E+00  -6.456892E+00   4.961504E-03       0.999920     0.0490  2.00  0.0146
  44   Ru(8+)      2.892686E+00  -9.120068E-01   2.927008E+00  -6.489164E+00   4.986607E-03       0.999920     0.0492  2.00  0.0146
  45   Rh(1+)      3.317219E+00  -1.360164E+00   4.669386E+00  -9.283156E+00   6.577605E-03       0.999910     0.0512  2.00  0.0157
  45   Rh(2+)      3.319054E+00  -1.362920E+00   4.683031E+00  -9.309227E+00   6.594594E-03       0.999910     0.0513  2.00  0.0158
  45   Rh(3+)      3.320955E+00  -1.366088E+00   4.699652E+00  -9.341887E+00   6.616193E-03       0.999909     0.0515  2.00  0.0158
  45   Rh(4+)      3.322669E+00  -1.369365E+00   4.717980E+00  -9.378933E+00   6.641043E-03       0.999909     0.0516  2.00  0.0159
  45   Rh(5+)      3.323963E+00  -1.372481E+00   4.736909E+00  -9.418468E+00   6.667980E-03       0.999908     0.0518  2.00  0.0159
  45   Rh(6+)      3.324610E+00  -1.375183E+00   4.755430E+00  -9.458791E+00   6.695975E-03       0.999908     0.0519  2.00  0.0160
  46   Pd(2+)      3.758659E+00  -1.826807E+00   6.487668E+00  -1.220118E+01   8.238830E-03       0.999899     0.0532  2.00  0.0170
  46   Pd(4+)      3.763972E+00  -1.834954E+00   6.528311E+00  -1.227870E+01   8.289075E-03       0.999898     0.0534  2.00  0.0171
  47   Ag(1+)      4.198604E+00  -2.277469E+00   8.190732E+00  -1.485851E+01   9.712911E-03       0.999893     0.0531  2.00  0.0178
  47   Ag(2+)      4.201793E+00  -2.281578E+00   8.209008E+00  -1.489118E+01   9.733273E-03       0.999893     0.0532  2.00  0.0178
  47   Ag(3+)      4.205208E+00  -2.286236E+00   8.230531E+00  -1.493045E+01   9.758027E-03       0.999892     0.0533  2.00  0.0179
  48   Cd(2+)      4.635575E+00  -2.713380E+00   9.795585E+00  -1.729911E+01   1.103301E-02       0.999893     0.0512  2.00  0.0183
  49   In(1+)      5.062702E+00  -3.127437E+00   1.127693E+01  -1.948524E+01   1.217870E-02       0.999898     0.0470  2.00  0.0184
  49   In(2+)      5.057932E+00  -3.121785E+00   1.125346E+01  -1.944500E+01   1.215427E-02       0.999898     0.0470  2.00  0.0183
  49   In(3+)      5.050996E+00  -3.113614E+00   1.121968E+01  -1.938721E+01   1.211923E-02       0.999898     0.0470  2.00  0.0183
  50   Sn(2+)      5.446469E+00  -3.481580E+00   1.248282E+01  -2.116366E+01   1.299920E-02       0.999910     0.0414  6.00  0.0177
  50   Sn(4+)      5.430798E+00  -3.463612E+00   1.241037E+01  -2.104239E+01   1.292706E-02       0.999911     0.0412  6.00  0.0177
  51   Sb(3+)      5.780684E+00  -3.771196E+00   1.340387E+01  -2.233073E+01   1.349787E-02       0.999928     0.0399  6.00  0.0163
  51   Sb(5+)      5.761774E+00  -3.750108E+00   1.332108E+01  -2.219551E+01   1.341927E-02       0.999928     0.0398  6.00  0.0163
  52   Te(2+)      6.060681E+00  -3.992760E+00   1.403222E+01  -2.298072E+01   1.367454E-02       0.999947     0.0369  6.00  0.0142
  52   Te(4+)      6.053320E+00  -3.984618E+00   1.400069E+01  -2.293036E+01   1.364585E-02       0.999947     0.0368  6.00  0.0142
  52   Te(5+)      6.043910E+00  -3.974411E+00   1.396173E+01  -2.286859E+01   1.361101E-02       0.999947     0.0368  6.00  0.0142
  52   Te(6+)      6.032447E+00  -3.962022E+00   1.391459E+01  -2.279400E+01   1.356901E-02       0.999947     0.0368  6.00  0.0142
  53   I(1+)       6.269522E+00  -4.128935E+00   1.430562E+01  -2.302033E+01   1.347889E-02       0.999964     0.0322  6.00  0.0119
  53   I(3+)       6.264623E+00  -4.123615E+00   1.428539E+01  -2.298860E+01   1.346112E-02       0.999965     0.0321  6.00  0.0119
  53   I(5+)       6.254847E+00  -4.113155E+00   1.424613E+01  -2.292766E+01   1.342733E-02       0.999965     0.0321  6.00  0.0119
  53   I(7+)       6.233802E+00  -4.091196E+00   1.416575E+01  -2.280603E+01   1.336220E-02       0.999965     0.0322  6.00  0.0119
  53   I(1-)       6.270414E+00  -4.129959E+00   1.430968E+01  -2.302690E+01   1.348270E-02       0.999964     0.0322  6.00  0.0119
  54   Xe(2+)      6.397064E+00  -4.170573E+00   1.419605E+01  -2.241489E+01   1.289626E-02       0.999976     0.0256  6.00  0.0103
  54   Xe(4+)      6.390198E+00  -4.163394E+00   1.416974E+01  -2.237510E+01   1.287478E-02       0.999976     0.0256  6.00  0.0103
  54   Xe(6+)      6.378813E+00  -4.151660E+00   1.412735E+01  -2.231194E+01   1.284125E-02       0.999976     0.0256  6.00  0.0102
  54   Xe(8+)      6.359800E+00  -4.132887E+00   1.406310E+01  -2.222290E+01   1.279881E-02       0.999976     0.0259  6.00  0.0102
  55   Cs(1+)      6.446469E+00  -4.122950E+00   1.373027E+01  -2.121618E+01   1.196091E-02       0.999977     0.0264  2.00  0.0098
  56   Ba(2+)      6.409319E+00  -3.979202E+00   1.289065E+01  -1.940966E+01   1.067194E-02       0.999968     0.0431  2.00  0.0106
  57   La(2+)      6.290630E+00  -3.746837E+00   1.171395E+01  -1.706724E+01   9.077978E-03       0.999948     0.0592  2.00  0.0136
  57   La(3+)      6.291297E+00  -3.747581E+00   1.171638E+01  -1.706972E+01   9.078393E-03       0.999947     0.0593  2.00  0.0136
  58   Ce(2+)      6.098082E+00  -3.449132E+00   1.033777E+01  -1.447961E+01   7.383324E-03       0.999926     0.0711  2.00  0.0174
  58   Ce(3+)      6.098547E+00  -3.444099E+00   1.030029E+01  -1.439251E+01   7.318704E-03       0.999923     0.0725  2.00  0.0178
  58   Ce(4+)      6.098425E+00  -3.436690E+00   1.024809E+01  -1.427361E+01   7.231409E-03       0.999918     0.0743  2.00  0.0183
  59   Pr(2+)      5.859974E+00  -3.101196E+00   8.770915E+00  -1.159290E+01   5.521925E-03       0.999899     0.0823  2.00  0.0217
  59   Pr(3+)      5.855200E+00  -3.090610E+00   8.712601E+00  -1.147267E+01   5.438274E-03       0.999895     0.0837  2.00  0.0222
  59   Pr(4+)      5.848400E+00  -3.076157E+00   8.634112E+00  -1.131216E+01   5.327183E-03       0.999891     0.0854  2.00  0.0227
  60   Nd(2+)      5.581646E+00  -2.715620E+00   7.083906E+00  -8.552796E+00   3.594913E-03       0.999873     0.0913  2.00  0.0259
  60   Nd(3+)      5.572302E+00  -2.700275E+00   7.008068E+00  -8.405235E+00   3.495863E-03       0.999869     0.0925  2.00  0.0264
  61   Pm(3+)      5.260790E+00  -2.285902E+00   5.239155E+00  -5.280058E+00   1.546372E-03       0.999847     0.0989  2.00  0.0300
  62   Sm(2+)      4.947578E+00  -1.882008E+00   3.555428E+00  -2.364156E+00  -2.416175E-04       0.999835     0.1016  2.00  0.0325
  62   Sm(3+)      4.931138E+00  -1.859562E+00   3.454576E+00  -2.179420E+00  -3.605577E-04       0.999832     0.1026  2.00  0.0329
  63   Eu(2+)      4.612049E+00  -1.457105E+00   1.806691E+00   6.287517E-01  -2.057811E-03       0.999827     0.1029  2.00  0.0348
  63   Eu(3+)      4.593085E+00  -1.432303E+00   1.698233E+00   8.236256E-01  -2.181475E-03       0.999824     0.1037  2.00  0.0352
  64   Gd(1+)      4.253553E+00  -1.011565E+00  -1.251224E-03   3.682445E+00  -3.889164E-03       0.999823     0.1022  2.00  0.0366
  64   Gd(2+)      4.255342E+00  -1.013623E+00   7.163452E-03   3.667872E+00  -3.880119E-03       0.999823     0.1022  2.00  0.0365
  64   Gd(3+)      4.255434E+00  -1.013949E+00   8.498837E-03   3.666317E+00  -3.879686E-03       0.999823     0.1022  2.00  0.0366
  65   Tb(1+)      3.946193E+00  -6.381769E-01  -1.475919E+00   6.111174E+00  -5.310434E-03       0.999832     0.0980  2.00  0.0368
  65   Tb(3+)      3.925900E+00  -6.129459E-01  -1.582285E+00   6.296883E+00  -5.425589E-03       0.999830     0.0984  2.00  0.0370
  65   Tb(4+)      3.898060E+00  -5.784779E-01  -1.727123E+00   6.549082E+00  -5.581634E-03       0.999827     0.0989  2.00  0.0374
  66   Dy(2+)      3.633845E+00  -2.639265E-01  -2.933733E+00   8.478176E+00  -6.676307E-03       0.999844     0.0922  2.00  0.0367
  66   Dy(3+)      3.611104E+00  -2.363841E-01  -3.047659E+00   8.674142E+00  -6.796352E-03       0.999842     0.0924  2.00  0.0369
  67   Ho(3+)      3.316519E+00   1.100454E-01  -4.367111E+00   1.076747E+01  -7.975804E-03       0.999859     0.0845  2.00  0.0361
  68   Er(3+)      3.046501E+00   4.219925E-01  -5.525750E+00   1.255610E+01  -8.953931E-03       0.999879     0.0812  6.00  0.0346
  69   Tm(2+)      2.826214E+00   6.712071E-01  -6.414431E+00   1.386392E+01  -9.629161E-03       0.999899     0.0791  6.00  0.0324
  69   Tm(3+)      2.804368E+00   6.963367E-01  -6.513799E+00   1.402813E+01  -9.726213E-03       0.999899     0.0794  6.00  0.0324
  70   Yb(2+)      2.613266E+00   9.075602E-01  -7.234570E+00   1.503068E+01  -1.020623E-02       0.999919     0.0759  6.00  0.0297
  70   Yb(3+)      2.592483E+00   9.310803E-01  -7.326103E+00   1.517965E+01  -1.029301E-02       0.999919     0.0761  6.00  0.0297
  71   Lu(3+)      2.412328E+00   1.125243E+00  -7.961615E+00   1.601365E+01  -1.065885E-02       0.999938     0.0713  6.00  0.0266
  72   Hf(2+)      2.240892E+00   1.304933E+00  -8.520723E+00   1.669106E+01  -1.091629E-02       0.999954     0.0653  6.00  0.0232
  72   Hf(3+)      2.241462E+00   1.304210E+00  -8.518113E+00   1.668740E+01  -1.091444E-02       0.999955     0.0653  6.00  0.0232
  72   Hf(4+)      2.242856E+00   1.302543E+00  -8.511994E+00   1.667839E+01  -1.090966E-02       0.999955     0.0653  6.00  0.0232
  73   Ta(2+)      2.103451E+00   1.441859E+00  -8.896385E+00   1.704384E+01  -1.097097E-02       0.999968     0.0579  6.00  0.0196
  73   Ta(3+)      2.103983E+00   1.441192E+00  -8.893980E+00   1.704042E+01  -1.096919E-02       0.999968     0.0579  6.00  0.0196
  73   Ta(4+)      2.105296E+00   1.439649E+00  -8.888366E+00   1.703217E+01  -1.096479E-02       0.999968     0.0578  6.00  0.0196
  73   Ta(5+)      2.107520E+00   1.437095E+00  -8.879059E+00   1.701835E+01  -1.095736E-02       0.999968     0.0578  6.00  0.0196
  74   W(1+)       2.000847E+00   1.535612E+00  -9.088720E+00   1.707482E+01  -1.082606E-02       0.999978     0.0491  6.00  0.0167
  74   W(2+)       2.000741E+00   1.535962E+00  -9.090895E+00   1.707969E+01  -1.082973E-02       0.999978     0.0492  6.00  0.0167
  74   W(3+)       2.001325E+00   1.535249E+00  -9.088288E+00   1.707584E+01  -1.082763E-02       0.999978     0.0492  6.00  0.0167
  74   W(4+)       2.002662E+00   1.533706E+00  -9.082684E+00   1.706753E+01  -1.082312E-02       0.999978     0.0491  6.00  0.0167
  74   W(5+)       2.004870E+00   1.531215E+00  -9.073677E+00   1.705417E+01  -1.081591E-02       0.999978     0.0491  6.00  0.0167
  74   W(6+)       2.008035E+00   1.527691E+00  -9.060975E+00   1.703534E+01  -1.080577E-02       0.999978     0.0491  6.00  0.0167
  75   Re(1+)      1.934264E+00   1.586029E+00  -9.101535E+00   1.679752E+01  -1.049377E-02       0.999984     0.0393  6.00  0.0149
  75   Re(2+)      1.933609E+00   1.587006E+00  -9.106241E+00   1.680673E+01  -1.050012E-02       0.999984     0.0394  6.00  0.0149
  75   Re(3+)      1.934304E+00   1.586177E+00  -9.103161E+00   1.680201E+01  -1.049744E-02       0.999984     0.0394  6.00  0.0150
  75   Re(4+)      1.935737E+00   1.584551E+00  -9.097247E+00   1.679312E+01  -1.049253E-02       0.999984     0.0394  6.00  0.0150
  75   Re(5+)      1.938006E+00   1.582032E+00  -9.088177E+00   1.677961E+01  -1.048517E-02       0.999984     0.0393  6.00  0.0150
  75   Re(6+)      1.941188E+00   1.578547E+00  -9.075719E+00   1.676119E+01  -1.047524E-02       0.999984     0.0393  6.00  0.0149
  75   Re(7+)      1.945345E+00   1.574041E+00  -9.059698E+00   1.673762E+01  -1.046263E-02       0.999984     0.0392  6.00  0.0149
  76   Os(1+)      1.903590E+00   1.593769E+00  -8.939748E+00   1.622391E+01  -9.983308E-03       0.999985     0.0349  2.00  0.0142
  76   Os(2+)      1.902324E+00   1.595430E+00  -8.947175E+00   1.623772E+01  -9.992469E-03       0.999986     0.0347  2.00  0.0141
  76   Os(3+)      1.903175E+00   1.594437E+00  -8.943439E+00   1.623184E+01  -9.989041E-03       0.999986     0.0348  2.00  0.0142
  76   Os(4+)      1.904752E+00   1.592674E+00  -8.937001E+00   1.622203E+01  -9.983525E-03       0.999985     0.0349  2.00  0.0142
  76   Os(5+)      1.907135E+00   1.590067E+00  -8.927631E+00   1.620800E+01  -9.975812E-03       0.999985     0.0350  2.00  0.0142
  76   Os(6+)      1.910388E+00   1.586558E+00  -8.915164E+00   1.618956E+01  -9.965834E-03       0.999985     0.0351  2.00  0.0142
  76   Os(7+)      1.914560E+00   1.582106E+00  -8.899481E+00   1.616659E+01  -9.953558E-03       0.999985     0.0352  2.00  0.0142
  76   Os(8+)      1.919694E+00   1.576675E+00  -8.880496E+00   1.613901E+01  -9.938977E-03       0.999985     0.0352  2.00  0.0142
  77   Ir(1+)      1.908579E+00   1.559873E+00  -8.610482E+00   1.537065E+01  -9.307246E-03       0.999983     0.0501  2.00  0.0144
  77   Ir(2+)      1.906659E+00   1.562254E+00  -8.620729E+00   1.538916E+01  -9.319251E-03       0.999984     0.0498  2.00  0.0143
  77   Ir(3+)      1.907698E+00   1.561063E+00  -8.616215E+00   1.538194E+01  -9.314977E-03       0.999983     0.0499  2.00  0.0143
  77   Ir(4+)      1.909452E+00   1.559127E+00  -8.609120E+00   1.537100E+01  -9.308749E-03       0.999983     0.0500  2.00  0.0144
  77   Ir(5+)      1.911982E+00   1.556393E+00  -8.599305E+00   1.535621E+01  -9.300552E-03       0.999983     0.0501  2.00  0.0144
  77   Ir(6+)      1.915337E+00   1.552823E+00  -8.586680E+00   1.533752E+01  -9.290398E-03       0.999983     0.0502  2.00  0.0144
  78   Pt(2+)      1.945917E+00   1.489027E+00  -8.136030E+00   1.428095E+01  -8.494885E-03       0.999978     0.0646  2.00  0.0159
  78   Pt(4+)      1.949114E+00   1.485488E+00  -8.122841E+00   1.426011E+01  -8.482729E-03       0.999978     0.0648  2.00  0.0159
  78   Pt(5+)      1.951810E+00   1.482609E+00  -8.112514E+00   1.424448E+01  -8.474005E-03       0.999978     0.0649  2.00  0.0159
  78   Pt(6+)      1.955283E+00   1.478960E+00  -8.099664E+00   1.422544E+01  -8.463628E-03       0.999978     0.0650  2.00  0.0159
  79   Au(1+)      2.018181E+00   1.378709E+00  -7.507773E+00   1.294224E+01  -7.539404E-03       0.999969     0.0787  2.00  0.0189
  79   Au(2+)      2.018996E+00   1.377743E+00  -7.503854E+00   1.293549E+01  -7.535149E-03       0.999969     0.0788  2.00  0.0189
  79   Au(3+)      2.020464E+00   1.376104E+00  -7.497604E+00   1.292534E+01  -7.529075E-03       0.999969     0.0789  2.00  0.0189
  79   Au(5+)      2.025484E+00   1.370748E+00  -7.478198E+00   1.289548E+01  -7.512116E-03       0.999969     0.0791  2.00  0.0190
  80   Hg(1+)      2.128324E+00   1.226314E+00  -6.718225E+00   1.134596E+01  -6.437378E-03       0.999957     0.0926  2.00  0.0230
  80   Hg(2+)      2.124417E+00   1.230802E+00  -6.736466E+00   1.137743E+01  -6.456984E-03       0.999958     0.0924  2.00  0.0229
  81   Tl(1+)      2.271780E+00   1.038078E+00  -5.795961E+00   9.545815E+00  -5.224402E-03       0.999943     0.1055  2.00  0.0276
  81   Tl(3+)      2.262272E+00   1.048866E+00  -5.839417E+00   9.620226E+00  -5.270438E-03       0.999944     0.1052  2.00  0.0274
  82   Pb(2+)      2.442125E+00   8.219664E-01  -4.775354E+00   7.603646E+00  -3.939997E-03       0.999928     0.1171  2.00  0.0321
  82   Pb(4+)      2.429522E+00   8.361186E-01  -4.831952E+00   7.699943E+00  -3.999202E-03       0.999929     0.1169  2.00  0.0319
  83   Bi(3+)      2.639265E+00   5.787005E-01  -3.661387E+00   5.530563E+00  -2.592030E-03       0.999912     0.1274  2.00  0.0362
  83   Bi(5+)      2.623490E+00   5.962286E-01  -3.730901E+00   5.647943E+00  -2.663677E-03       0.999913     0.1274  2.00  0.0360
  84   Po(2+)      2.862436E+00   3.094763E-01  -2.459640E+00   3.336610E+00  -1.186578E-03       0.999896     0.1365  2.00  0.0401
  84   Po(4+)      2.859933E+00   3.125457E-01  -2.472993E+00   3.361019E+00  -1.202520E-03       0.999897     0.1362  2.00  0.0400
  84   Po(6+)      2.841087E+00   3.332539E-01  -2.554343E+00   3.497186E+00  -1.284943E-03       0.999897     0.1363  2.00  0.0399
  85   At(1+)      3.106768E+00   2.059285E-02  -1.198124E+00   1.073193E+00   2.430458E-04       0.999881     0.1437  2.00  0.0437
  85   At(3+)      3.104743E+00   2.302605E-02  -1.208523E+00   1.091926E+00   2.309601E-04       0.999882     0.1435  2.00  0.0436
  85   At(5+)      3.100468E+00   2.811992E-02  -1.230155E+00   1.130675E+00   2.060975E-04       0.999882     0.1431  2.00  0.0434
  85   At(7+)      3.078869E+00   5.156447E-02  -1.321259E+00   1.281614E+00   1.156227E-04       0.999883     0.1437  2.00  0.0434
  85   At(1-)      3.107269E+00   2.001071E-02  -1.195726E+00   1.069017E+00   2.456667E-04       0.999881     0.1437  2.00  0.0437
  87   Fr(1+)      3.641789E+00  -5.952065E-01   1.415643E+00  -3.506763E+00   3.078437E-03       0.999858     0.1517  2.00  0.0493
  88   Ra(2+)      3.922919E+00  -9.108323E-01   2.721496E+00  -5.743852E+00   4.435857E-03       0.999851     0.1520  2.00  0.0512
  89   Ac(3+)      4.206724E+00  -1.224234E+00   3.997031E+00  -7.895969E+00   5.723397E-03       0.999848     0.1498  2.00  0.0526
  90   Th(2+)      4.479879E+00  -1.520495E+00   5.182436E+00  -9.862207E+00   6.880254E-03       0.999849     0.1453  2.00  0.0532
  90   Th(3+)      4.480203E+00  -1.520677E+00   5.182514E+00  -9.861511E+00   6.879470E-03       0.999849     0.1451  2.00  0.0531
  90   Th(4+)      4.488230E+00  -1.529823E+00   5.220278E+00  -9.926981E+00   6.919855E-03       0.999849     0.1449  2.00  0.0532
  91   Pa(3+)      4.746218E+00  -1.803801E+00   6.295156E+00  -1.167404E+01   7.926927E-03       0.999855     0.1381  2.00  0.0530
  91   Pa(4+)      4.753813E+00  -1.812346E+00   6.330027E+00  -1.173379E+01   7.963368E-03       0.999855     0.1377  2.00  0.0530
  91   Pa(5+)      4.762551E+00  -1.822202E+00   6.370403E+00  -1.180316E+01   8.005733E-03       0.999855     0.1373  2.00  0.0531
  92   U(3+)       5.001351E+00  -2.069992E+00   7.321752E+00  -1.331361E+01   8.855146E-03       0.999863     0.1288  2.00  0.0522
  92   U(4+)       5.008374E+00  -2.077791E+00   7.353195E+00  -1.336681E+01   8.887170E-03       0.999863     0.1284  2.00  0.0522
  92   U(5+)       5.016342E+00  -2.086664E+00   7.389118E+00  -1.342776E+01   8.923906E-03       0.999864     0.1278  2.00  0.0522
  92   U(6+)       5.024975E+00  -2.096302E+00   7.428291E+00  -1.349440E+01   8.964114E-03       0.999864     0.1271  2.00  0.0522
  93   Np(3+)      5.242487E+00  -2.315989E+00   8.250574E+00  -1.476276E+01   9.654938E-03       0.999874     0.1192  6.00  0.0508
  93   Np(4+)      5.248789E+00  -2.322886E+00   8.278011E+00  -1.480850E+01   9.682027E-03       0.999875     0.1193  6.00  0.0507
  93   Np(5+)      5.255821E+00  -2.330605E+00   8.308858E+00  -1.486006E+01   9.712598E-03       0.999875     0.1193  6.00  0.0506
  93   Np(6+)      5.263332E+00  -2.338873E+00   8.342049E+00  -1.491570E+01   9.745605E-03       0.999876     0.1193  6.00  0.0506
  93   Np(7+)      5.271124E+00  -2.347476E+00   8.376748E+00  -1.497401E+01   9.780222E-03       0.999876     0.1193  6.00  0.0505
  94   Pu(3+)      5.466889E+00  -2.539052E+00   9.072247E+00  -1.600850E+01   1.032013E-02       0.999888     0.1175  6.00  0.0486
  94   Pu(4+)      5.472332E+00  -2.544905E+00   9.095157E+00  -1.604596E+01   1.034184E-02       0.999888     0.1174  6.00  0.0485
  94   Pu(5+)      5.478283E+00  -2.551322E+00   9.120405E+00  -1.608736E+01   1.036582E-02       0.999889     0.1174  6.00  0.0483
  94   Pu(6+)      5.484517E+00  -2.558066E+00   9.147072E+00  -1.613120E+01   1.039120E-02       0.999890     0.1173  6.00  0.0482
  94   Pu(7+)      5.490850E+00  -2.564939E+00   9.174400E+00  -1.617622E+01   1.041726E-02       0.999891     0.1172  6.00  0.0480
  95   Am(2+)      5.668231E+00  -2.732706E+00   9.763265E+00  -1.701545E+01   1.083203E-02       0.999902     0.1143  6.00  0.0458
  95   Am(3+)      5.672147E+00  -2.736806E+00   9.778882E+00  -1.704025E+01   1.084593E-02       0.999903     0.1142  6.00  0.0457
  95   Am(4+)      5.676610E+00  -2.741493E+00   9.796829E+00  -1.706879E+01   1.086189E-02       0.999903     0.1140  6.00  0.0455
  95   Am(5+)      5.681357E+00  -2.746490E+00   9.816066E+00  -1.709943E+01   1.087898E-02       0.999904     0.1139  6.00  0.0454
  95   Am(6+)      5.686191E+00  -2.751591E+00   9.835814E+00  -1.713091E+01   1.089648E-02       0.999905     0.1137  6.00  0.0452
  96   Cm(3+)      5.856239E+00  -2.907360E+00   1.036465E+01  -1.785110E+01   1.122983E-02       0.999918     0.1094  6.00  0.0424
  96   Cm(4+)      5.859624E+00  -2.910784E+00   1.037730E+01  -1.787025E+01   1.123982E-02       0.999919     0.1092  6.00  0.0422
  97   Bk(3+)      6.017604E+00  -3.049376E+00   1.082602E+01  -1.843821E+01   1.147189E-02       0.999933     0.1031  6.00  0.0387
  97   Bk(4+)      6.019839E+00  -3.051474E+00   1.083319E+01  -1.844772E+01   1.147581E-02       0.999934     0.1028  6.00  0.0385
  98   Cf(2+)      6.153832E+00  -3.160985E+00   1.115868E+01  -1.879989E+01   1.157458E-02       0.999947     0.0958  6.00  0.0347
  98   Cf(3+)      6.155078E+00  -3.161976E+00   1.116135E+01  -1.880182E+01   1.157400E-02       0.999947     0.0955  6.00  0.0346
  98   Cf(4+)      6.156120E+00  -3.162714E+00   1.116295E+01  -1.880167E+01   1.157188E-02       0.999948     0.0951  6.00  0.0344
  99   Es(2+)      6.267595E+00  -3.244815E+00   1.137244E+01  -1.895078E+01   1.154506E-02       0.999959     0.0869  6.00  0.0307
  99   Es(3+)      6.267844E+00  -3.244675E+00   1.137051E+01  -1.894476E+01   1.153953E-02       0.999959     0.0865  6.00  0.0306
 100   Fm(2+)      6.356291E+00  -3.298769E+00   1.146193E+01  -1.888709E+01   1.138428E-02       0.999969     0.0768  6.00  0.0269
 100   Fm(3+)      6.355533E+00  -3.297500E+00   1.145546E+01  -1.887329E+01   1.137397E-02       0.999969     0.0764  6.00  0.0269
 101   Md(2+)      6.419836E+00  -3.323190E+00   1.143031E+01  -1.861700E+01   1.109878E-02       0.999975     0.0657  6.00  0.0248
 101   Md(3+)      6.418085E+00  -3.320821E+00   1.141946E+01  -1.859578E+01   1.108393E-02       0.999976     0.0652  6.00  0.0247
 102   No(2+)      6.458550E+00  -3.318870E+00   1.128248E+01  -1.815154E+01   1.069673E-02       0.999979     0.0535  6.00  0.0233
 102   No(3+)      6.455842E+00  -3.315452E+00   1.126750E+01  -1.812339E+01   1.067770E-02       0.999979     0.0530  6.00  0.0233
 103   Lr(3+)      6.469464E+00  -3.282555E+00   1.100586E+01  -1.746934E+01   1.016466E-02       0.999979     0.0626  2.00  0.0226
 104   Rf(4+)      6.454351E+00  -3.217107E+00   1.061507E+01  -1.660049E+01   9.524054E-03       0.999976     0.0823  2.00  0.0231
 105   Db(5+)      6.414498E+00  -3.124436E+00   1.011946E+01  -1.556347E+01   8.787533E-03       0.999969     0.1009  2.00  0.0250
 106   Sg(6+)      6.351625E+00  -3.006904E+00   9.530049E+00  -1.437926E+01   7.969092E-03       0.999960     0.1181  2.00  0.0283
 107   Bh(7+)      6.267863E+00  -2.867292E+00   8.859357E+00  -1.307109E+01   7.083892E-03       0.999949     0.1336  2.00  0.0331
 108   Hs(8+)      6.165563E+00  -2.708585E+00   8.120531E+00  -1.166295E+01   6.147394E-03       0.999937     0.1472  2.00  0.0385
 112   Cn(2+)      5.620520E+00  -1.938490E+00   4.704765E+00  -5.396200E+00   2.103536E-03       0.999886     0.1865  2.00  0.0587
