Table S6. Coefficients for analytical approximation to the scattering factors  
  in the 2 <= sin(theta)/lambda (STL) <= 6 reciprocal angstroms range using expansion (2) with n=3.
  DATE = 2023-03-11     TIME = 14:38:47

   Z    Atom                 a0             a1          a2*10         a3*100          C       Max.Err.  STL Mean.Err.
 
   3   Li(1+)      1.284435E+00  -2.859552E+00   3.731875E+00  -2.208181E+00       0.999998     0.0000  2.00  0.0000
   4   Be(2+)      1.630693E+00  -2.374777E+00   2.707221E+00  -1.450962E+00       1.000000     0.0001  6.00  0.0000
   5   B(1+)       1.753511E+00  -1.927030E+00   1.801951E+00  -8.036385E-01       1.000000     0.0001  2.00  0.0000
   5   B(2+)       1.732777E+00  -1.925119E+00   1.798755E+00  -8.017706E-01       1.000000     0.0001  2.00  0.0000
   5   B(3+)       1.697313E+00  -1.922207E+00   1.794600E+00  -7.998270E-01       1.000000     0.0001  2.00  0.0000
   6   C(1+)       1.668609E+00  -1.512382E+00   1.001587E+00  -2.514148E-01       0.999999     0.0004  2.00  0.0001
   6   C(2+)       1.684793E+00  -1.514399E+00   1.004117E+00  -2.523234E-01       0.999999     0.0004  2.00  0.0001
   6   C(3+)       1.660896E+00  -1.516061E+00   1.011561E+00  -2.598954E-01       0.999999     0.0003  2.00  0.0001
   6   C(4+)       1.626750E+00  -1.520061E+00   1.026907E+00  -2.748056E-01       0.999999     0.0003  2.00  0.0001
   6   C(val)      1.631373E+00  -1.510991E+00   1.003401E+00  -2.553125E-01       0.999999     0.0003  2.00  0.0001
   7   N(1+)       1.508958E+00  -1.147238E+00   3.352664E-01   1.881737E-01       0.999998     0.0008  2.00  0.0002
   7   N(2+)       1.519072E+00  -1.146396E+00   3.307546E-01   1.928914E-01       0.999998     0.0009  2.00  0.0003
   7   N(3+)       1.534479E+00  -1.146883E+00   3.283956E-01   1.963891E-01       0.999998     0.0009  2.00  0.0003
   7   N(4+)       1.518014E+00  -1.159080E+00   3.633450E-01   1.661135E-01       0.999998     0.0008  2.00  0.0002
   7   N(5+)       1.499107E+00  -1.179246E+00   4.202162E-01   1.172594E-01       0.999998     0.0007  2.00  0.0002
   8   O(1+)       1.319373E+00  -8.348089E-01  -1.974166E-01   5.201484E-01       0.999996     0.0015  2.00  0.0004
   8   O(2+)       1.323962E+00  -8.311171E-01  -2.086073E-01   5.299898E-01       0.999995     0.0015  2.00  0.0004
   8   O(1-)       1.317586E+00  -8.411059E-01  -1.801717E-01   5.056364E-01       0.999996     0.0014  2.00  0.0004
   9   F(1-)       1.130833E+00  -5.842989E-01  -5.796912E-01   7.346589E-01       0.999994     0.0020  2.00  0.0006
  11   Na(1+)      8.030945E-01  -2.104212E-01  -1.062128E+00   9.578210E-01       0.999993     0.0026  2.00  0.0009
  12   Mg(2+)      6.911425E-01  -9.889565E-02  -1.136801E+00   9.479812E-01       0.999995     0.0020  6.00  0.0008
  13   Al(1+)      6.151367E-01  -2.836539E-02  -1.123101E+00   8.747721E-01       0.999998     0.0016  6.00  0.0006
  13   Al(3+)      6.336896E-01  -4.406839E-02  -1.088042E+00   8.490658E-01       0.999998     0.0015  6.00  0.0006
  14   Si(1+)      6.200647E-01  -3.201661E-02  -9.465047E-01   6.832885E-01       0.999996     0.0032  2.00  0.0006
  14   Si(2+)      6.150402E-01  -2.777873E-02  -9.561074E-01   6.903934E-01       0.999996     0.0031  2.00  0.0006
  14   Si(3+)      6.273123E-01  -3.744273E-02  -9.353409E-01   6.756317E-01       0.999996     0.0032  2.00  0.0006
  14   Si(4+)      6.448319E-01  -5.119135E-02  -9.058715E-01   6.547295E-01       0.999996     0.0032  2.00  0.0006
  14   Si(val)     6.359016E-01  -4.489641E-02  -9.181219E-01   6.627147E-01       0.999996     0.0032  2.00  0.0006
  15   P(1+)       7.102482E-01  -1.060686E-01  -6.184420E-01   3.836789E-01       0.999977     0.0083  2.00  0.0016
  15   P(2+)       7.044784E-01  -1.014837E-01  -6.286171E-01   3.910897E-01       0.999977     0.0083  2.00  0.0016
  15   P(3+)       6.968382E-01  -9.533457E-02  -6.424814E-01   4.013106E-01       0.999977     0.0083  2.00  0.0015
  15   P(4+)       7.136331E-01  -1.076672E-01  -6.174269E-01   3.843515E-01       0.999978     0.0082  2.00  0.0015
  15   P(5+)       7.356801E-01  -1.237840E-01  -5.848697E-01   3.624338E-01       0.999978     0.0081  2.00  0.0015
  16   S(1+)       8.966669E-01  -2.540705E-01  -1.341472E-01  -2.564302E-02       0.999913     0.0153  2.00  0.0033
  16   S(2+)       8.902945E-01  -2.492512E-01  -1.446134E-01  -1.814638E-02       0.999913     0.0152  2.00  0.0033
  16   S(3+)       8.815947E-01  -2.425813E-01  -1.593965E-01  -7.385260E-03       0.999914     0.0152  2.00  0.0033
  16   S(4+)       8.702041E-01  -2.337653E-01  -1.792351E-01   7.226731E-03       0.999915     0.0151  2.00  0.0032
  16   S(5+)       8.888814E-01  -2.463339E-01  -1.562879E-01  -6.718129E-03       0.999918     0.0148  2.00  0.0032
  16   S(6+)       9.118912E-01  -2.616817E-01  -1.287132E-01  -2.316047E-02       0.999922     0.0144  2.00  0.0031
  17   Cl(1+)      1.182912E+00  -4.742563E-01   4.980698E-01  -5.359760E-01       0.999776     0.0234  2.00  0.0055
  17   Cl(2+)      1.176147E+00  -4.693619E-01   4.876960E-01  -5.286872E-01       0.999776     0.0234  2.00  0.0055
  17   Cl(3+)      1.166576E+00  -4.623193E-01   4.723642E-01  -5.176764E-01       0.999777     0.0234  2.00  0.0055
  17   Cl(4+)      1.153735E+00  -4.527651E-01   4.511858E-01  -5.022490E-01       0.999779     0.0233  2.00  0.0054
  17   Cl(5+)      1.137063E+00  -4.402671E-01   4.231177E-01  -4.815960E-01       0.999782     0.0231  2.00  0.0054
  17   Cl(6+)      1.153011E+00  -4.492813E-01   4.345590E-01  -4.851565E-01       0.999795     0.0224  2.00  0.0053
  17   Cl(7+)      1.171384E+00  -4.593543E-01   4.461132E-01  -4.875397E-01       0.999810     0.0216  2.00  0.0051
  17   Cl(1-)      1.189344E+00  -4.786862E-01   5.067351E-01  -5.416395E-01       0.999777     0.0233  2.00  0.0055
  19   K(1+)       2.014726E+00  -1.084981E+00   2.079903E+00  -1.753551E+00       0.999306     0.0388  2.00  0.0106
  20   Ca(2+)      2.503495E+00  -1.427100E+00   2.909533E+00  -2.366167E+00       0.999111     0.0430  2.00  0.0128
  21   Sc(1+)      2.976045E+00  -1.742905E+00   3.642701E+00  -2.887158E+00       0.999074     0.0430  2.00  0.0141
  21   Sc(2+)      2.973311E+00  -1.740310E+00   3.635313E+00  -2.880939E+00       0.999080     0.0429  2.00  0.0141
  21   Sc(3+)      2.992766E+00  -1.754704E+00   3.669235E+00  -2.906623E+00       0.999071     0.0431  2.00  0.0142
  22   Ti(2+)      3.396232E+00  -2.003859E+00   4.210374E+00  -3.263733E+00       0.999218     0.0382  2.00  0.0142
  22   Ti(3+)      3.415070E+00  -2.017332E+00   4.241242E+00  -3.286568E+00       0.999215     0.0382  2.00  0.0143
  22   Ti(4+)      3.441480E+00  -2.036255E+00   4.284675E+00  -3.318738E+00       0.999211     0.0383  2.00  0.0144
  23   V(1+)       3.733431E+00  -2.190257E+00   4.574369E+00  -3.471784E+00       0.999453     0.0315  6.00  0.0131
  23   V(2+)       3.742677E+00  -2.196562E+00   4.588204E+00  -3.481645E+00       0.999454     0.0315  6.00  0.0132
  23   V(3+)       3.759757E+00  -2.208263E+00   4.614011E+00  -3.500107E+00       0.999455     0.0317  6.00  0.0132
  23   V(4+)       3.783781E+00  -2.224758E+00   4.650465E+00  -3.526229E+00       0.999456     0.0318  6.00  0.0132
  23   V(5+)       3.814260E+00  -2.245703E+00   4.696802E+00  -3.559457E+00       0.999458     0.0320  6.00  0.0133
  24   Cr(1+)      3.986587E+00  -2.301727E+00   4.736278E+00  -3.514485E+00       0.999688     0.0287  6.00  0.0110
  24   Cr(2+)      3.994494E+00  -2.306785E+00   4.746710E+00  -3.521486E+00       0.999689     0.0287  6.00  0.0110
  24   Cr(3+)      4.008960E+00  -2.316106E+00   4.766082E+00  -3.534579E+00       0.999692     0.0288  6.00  0.0110
  24   Cr(4+)      4.029360E+00  -2.329291E+00   4.793571E+00  -3.553210E+00       0.999695     0.0288  6.00  0.0110
  24   Cr(5+)      4.055294E+00  -2.346073E+00   4.828607E+00  -3.576981E+00       0.999699     0.0289  6.00  0.0109
  24   Cr(6+)      4.086583E+00  -2.366321E+00   4.870887E+00  -3.605669E+00       0.999703     0.0289  6.00  0.0109
  25   Mn(1+)      4.151328E+00  -2.336921E+00   4.698126E+00  -3.396605E+00       0.999853     0.0233  6.00  0.0082
  25   Mn(2+)      4.145381E+00  -2.332506E+00   4.687818E+00  -3.389091E+00       0.999853     0.0233  6.00  0.0082
  25   Mn(3+)      4.156729E+00  -2.339128E+00   4.700124E+00  -3.396417E+00       0.999855     0.0232  6.00  0.0082
  25   Mn(4+)      4.172794E+00  -2.348553E+00   4.717759E+00  -3.407000E+00       0.999857     0.0232  6.00  0.0081
  25   Mn(5+)      4.193275E+00  -2.360596E+00   4.740357E+00  -3.420602E+00       0.999860     0.0231  6.00  0.0081
  25   Mn(6+)      4.218007E+00  -2.375142E+00   4.767662E+00  -3.437041E+00       0.999862     0.0229  6.00  0.0080
  25   Mn(7+)      4.246930E+00  -2.392133E+00   4.799510E+00  -3.456177E+00       0.999865     0.0228  6.00  0.0080
  26   Fe(1+)      4.204439E+00  -2.283389E+00   4.441076E+00  -3.110948E+00       0.999923     0.0157  6.00  0.0066
  26   Fe(2+)      4.199130E+00  -2.279689E+00   4.432967E+00  -3.105420E+00       0.999924     0.0157  6.00  0.0066
  26   Fe(3+)      4.207188E+00  -2.283560E+00   4.438246E+00  -3.107118E+00       0.999924     0.0155  6.00  0.0066
  26   Fe(4+)      4.218687E+00  -2.289161E+00   4.446108E+00  -3.109866E+00       0.999923     0.0153  6.00  0.0067
  26   Fe(5+)      4.233425E+00  -2.296386E+00   4.456374E+00  -3.113576E+00       0.999922     0.0150  6.00  0.0067
  26   Fe(6+)      4.251273E+00  -2.305152E+00   4.468876E+00  -3.118135E+00       0.999921     0.0161  2.00  0.0068
  27   Co(1+)      4.164259E+00  -2.159328E+00   4.017917E+00  -2.703621E+00       0.999916     0.0272  2.00  0.0066
  27   Co(2+)      4.166796E+00  -2.159856E+00   4.016721E+00  -2.701276E+00       0.999915     0.0275  2.00  0.0067
  27   Co(3+)      4.171658E+00  -2.161132E+00   4.015531E+00  -2.697889E+00       0.999913     0.0281  2.00  0.0067
  27   Co(4+)      4.178737E+00  -2.163143E+00   4.014426E+00  -2.693585E+00       0.999910     0.0288  2.00  0.0068
  27   Co(5+)      4.187922E+00  -2.165848E+00   4.013395E+00  -2.688403E+00       0.999906     0.0298  2.00  0.0070
  28   Ni(1+)      4.062912E+00  -1.988428E+00   3.484857E+00  -2.216978E+00       0.999861     0.0402  2.00  0.0090
  28   Ni(2+)      4.063735E+00  -1.987602E+00   3.480363E+00  -2.212092E+00       0.999859     0.0405  2.00  0.0091
  28   Ni(3+)      4.065682E+00  -1.986585E+00   3.473597E+00  -2.204418E+00       0.999855     0.0411  2.00  0.0092
  28   Ni(4+)      4.068744E+00  -1.985431E+00   3.464795E+00  -2.194194E+00       0.999851     0.0419  2.00  0.0094
  29   Cu(1+)      3.907752E+00  -1.780475E+00   2.873741E+00  -1.680547E+00       0.999790     0.0508  2.00  0.0127
  29   Cu(2+)      3.907064E+00  -1.778498E+00   2.866531E+00  -1.673627E+00       0.999787     0.0511  2.00  0.0128
  29   Cu(3+)      3.906484E+00  -1.775564E+00   2.855257E+00  -1.662587E+00       0.999783     0.0517  2.00  0.0130
  29   Cu(4+)      3.906082E+00  -1.771778E+00   2.840260E+00  -1.647736E+00       0.999777     0.0525  2.00  0.0133
  30   Zn(2+)      3.713758E+00  -1.547533E+00   2.215321E+00  -1.118875E+00       0.999724     0.0590  2.00  0.0163
  31   Ga(1+)      3.493092E+00  -1.298521E+00   1.530034E+00  -5.463781E-01       0.999670     0.0651  2.00  0.0196
  31   Ga(2+)      3.493897E+00  -1.300157E+00   1.536029E+00  -5.523636E-01       0.999673     0.0647  2.00  0.0195
  31   Ga(3+)      3.495091E+00  -1.302554E+00   1.544808E+00  -5.611403E-01       0.999678     0.0642  2.00  0.0193
  32   Ge(1+)      3.256963E+00  -1.047021E+00   8.609399E-01  -2.896609E-03       0.999649     0.0676  2.00  0.0218
  32   Ge(2+)      3.258607E+00  -1.048769E+00   8.656333E-01  -6.595803E-03       0.999649     0.0676  2.00  0.0218
  32   Ge(3+)      3.261235E+00  -1.052210E+00   8.767844E-01  -1.706082E-02       0.999653     0.0671  2.00  0.0217
  32   Ge(4+)      3.264818E+00  -1.056854E+00   8.917959E-01  -3.113789E-02       0.999659     0.0665  2.00  0.0215
  33   As(2+)      3.019811E+00  -8.040481E-01   2.333549E-01   4.938244E-01       0.999654     0.0671  2.00  0.0232
  33   As(3+)      3.022704E+00  -8.069909E-01   2.411463E-01   4.876945E-01       0.999654     0.0670  2.00  0.0232
  33   As(5+)      3.034520E+00  -8.201382E-01   2.809173E-01   4.518670E-01       0.999665     0.0659  2.00  0.0227
  34   Se(2+)      2.788158E+00  -5.742580E-01  -3.416575E-01   9.354320E-01       0.999681     0.0637  2.00  0.0235
  34   Se(4+)      2.795556E+00  -5.814422E-01  -3.231185E-01   9.210885E-01       0.999682     0.0636  2.00  0.0235
  34   Se(6+)      2.813974E+00  -6.002785E-01  -2.686209E-01   8.734325E-01       0.999693     0.0624  2.00  0.0230
  35   Br(1+)      2.570131E+00  -3.642434E-01  -8.480308E-01   1.309962E+00       0.999725     0.0575  2.00  0.0230
  35   Br(3+)      2.574973E+00  -3.687686E-01  -8.368217E-01   1.301630E+00       0.999725     0.0575  2.00  0.0229
  35   Br(4+)      2.579463E+00  -3.729536E-01  -8.262965E-01   1.293637E+00       0.999725     0.0575  2.00  0.0229
  35   Br(5+)      2.585545E+00  -3.786045E-01  -8.120275E-01   1.282732E+00       0.999726     0.0574  2.00  0.0229
  35   Br(7+)      2.611078E+00  -4.033113E-01  -7.429184E-01   1.223752E+00       0.999736     0.0564  2.00  0.0224
  35   Br(1-)      2.569574E+00  -3.637339E-01  -8.489888E-01   1.310368E+00       0.999725     0.0575  2.00  0.0230
  36   Kr(2+)      2.377813E+00  -1.840061E-01  -1.262467E+00   1.601072E+00       0.999778     0.0525  6.00  0.0215
  37   Rb(1+)      2.209366E+00  -3.059880E-02  -1.593686E+00   1.816186E+00       0.999833     0.0501  6.00  0.0192
  38   Sr(2+)      2.076249E+00   8.699594E-02  -1.822557E+00   1.943324E+00       0.999885     0.0457  6.00  0.0164
  39   Y(2+)       1.983147E+00   1.660892E-01  -1.944982E+00   1.981152E+00       0.999927     0.0393  6.00  0.0132
  39   Y(3+)       1.979229E+00   1.694579E-01  -1.953074E+00   1.987116E+00       0.999927     0.0394  6.00  0.0133
  40   Zr(1+)      1.927319E+00   2.104604E-01  -1.973401E+00   1.941393E+00       0.999955     0.0312  6.00  0.0109
  40   Zr(2+)      1.929080E+00   2.089859E-01  -1.969757E+00   1.938606E+00       0.999955     0.0312  6.00  0.0108
  40   Zr(3+)      1.925443E+00   2.120213E-01  -1.976813E+00   1.943637E+00       0.999955     0.0312  6.00  0.0109
  40   Zr(4+)      1.920585E+00   2.161029E-01  -1.986347E+00   1.950462E+00       0.999955     0.0312  6.00  0.0109
  41   Nb(2+)      1.914857E+00   2.162841E-01  -1.901266E+00   1.821140E+00       0.999962     0.0285  2.00  0.0098
  41   Nb(3+)      1.911535E+00   2.189703E-01  -1.907270E+00   1.825239E+00       0.999962     0.0287  2.00  0.0098
  41   Nb(4+)      1.907102E+00   2.225808E-01  -1.915392E+00   1.830822E+00       0.999962     0.0289  2.00  0.0099
  41   Nb(5+)      1.901638E+00   2.270581E-01  -1.925521E+00   1.837824E+00       0.999962     0.0292  2.00  0.0099
  42   Mo(1+)      1.942367E+00   1.877472E-01  -1.742258E+00   1.633260E+00       0.999946     0.0488  2.00  0.0104
  42   Mo(2+)      1.940487E+00   1.891946E-01  -1.745286E+00   1.635165E+00       0.999946     0.0490  2.00  0.0104
  42   Mo(3+)      1.937523E+00   1.915071E-01  -1.750199E+00   1.638317E+00       0.999946     0.0492  2.00  0.0105
  42   Mo(4+)      1.933556E+00   1.946294E-01  -1.756903E+00   1.642676E+00       0.999945     0.0495  2.00  0.0105
  42   Mo(5+)      1.928633E+00   1.985338E-01  -1.765360E+00   1.648234E+00       0.999945     0.0498  2.00  0.0105
  42   Mo(6+)      1.922762E+00   2.032180E-01  -1.775586E+00   1.655019E+00       0.999944     0.0502  2.00  0.0106
  43   Tc(1+)      2.003649E+00   1.306586E-01  -1.511252E+00   1.389399E+00       0.999902     0.0705  2.00  0.0137
  43   Tc(2+)      2.005166E+00   1.295284E-01  -1.508901E+00   1.387952E+00       0.999903     0.0703  2.00  0.0136
  43   Tc(3+)      2.002603E+00   1.314433E-01  -1.512690E+00   1.390149E+00       0.999902     0.0706  2.00  0.0137
  43   Tc(4+)      1.999139E+00   1.340640E-01  -1.517978E+00   1.393308E+00       0.999901     0.0709  2.00  0.0138
  43   Tc(5+)      1.994788E+00   1.373887E-01  -1.524791E+00   1.397472E+00       0.999900     0.0713  2.00  0.0138
  43   Tc(6+)      1.989535E+00   1.414345E-01  -1.533192E+00   1.402708E+00       0.999899     0.0717  2.00  0.0139
  43   Tc(7+)      1.983345E+00   1.462356E-01  -1.543281E+00   1.409102E+00       0.999898     0.0721  2.00  0.0140
  44   Ru(1+)      2.108557E+00   3.880314E-02  -1.199004E+00   1.087019E+00       0.999832     0.0916  2.00  0.0190
  44   Ru(2+)      2.107243E+00   3.969979E-02  -1.200472E+00   1.087590E+00       0.999831     0.0918  2.00  0.0190
  44   Ru(3+)      2.105119E+00   4.119909E-02  -1.203117E+00   1.088834E+00       0.999830     0.0921  2.00  0.0191
  44   Ru(4+)      2.102185E+00   4.331164E-02  -1.207007E+00   1.090833E+00       0.999828     0.0925  2.00  0.0192
  44   Ru(5+)      2.098425E+00   4.605922E-02  -1.212225E+00   1.093672E+00       0.999827     0.0929  2.00  0.0193
  44   Ru(6+)      2.093805E+00   4.947706E-02  -1.218878E+00   1.097451E+00       0.999825     0.0934  2.00  0.0194
  44   Ru(7+)      2.088269E+00   5.361328E-02  -1.227099E+00   1.102284E+00       0.999824     0.0938  2.00  0.0195
  44   Ru(8+)      2.081743E+00   5.852889E-02  -1.237048E+00   1.108304E+00       0.999822     0.0943  2.00  0.0196
  45   Rh(1+)      2.245155E+00  -7.784652E-02  -8.290057E-01   7.430975E-01       0.999733     0.1126  2.00  0.0252
  45   Rh(2+)      2.244192E+00  -7.726807E-02  -8.296138E-01   7.429595E-01       0.999732     0.1129  2.00  0.0252
  45   Rh(3+)      2.242532E+00  -7.619379E-02  -8.311201E-01   7.432729E-01       0.999730     0.1132  2.00  0.0253
  45   Rh(4+)      2.240143E+00  -7.458634E-02  -8.336547E-01   7.441669E-01       0.999728     0.1136  2.00  0.0254
  45   Rh(5+)      2.236982E+00  -7.240271E-02  -8.373517E-01   7.457665E-01       0.999726     0.1141  2.00  0.0255
  45   Rh(6+)      2.232993E+00  -6.959125E-02  -8.423582E-01   7.482013E-01       0.999724     0.1145  2.00  0.0256
  46   Pd(2+)      2.412589E+00  -2.177463E-01  -4.071746E-01   3.637041E-01       0.999610     0.1327  2.00  0.0317
  46   Pd(4+)      2.409563E+00  -2.159787E-01  -4.088223E-01   3.629971E-01       0.999605     0.1335  2.00  0.0319
  47   Ag(1+)      2.608332E+00  -3.774423E-01   5.373984E-02  -3.832178E-02       0.999475     0.1501  2.00  0.0379
  47   Ag(2+)      2.608139E+00  -3.775297E-01   5.486113E-02  -3.984472E-02       0.999472     0.1504  2.00  0.0380
  47   Ag(3+)      2.607431E+00  -3.772879E-01   5.550710E-02  -4.123877E-02       0.999469     0.1508  2.00  0.0381
  48   Cd(2+)      2.825747E+00  -5.519036E-01   5.435447E-01  -4.568065E-01       0.999331     0.1651  2.00  0.0440
  49   In(1+)      3.061684E+00  -7.383450E-01   1.054893E+00  -8.858567E-01       0.999189     0.1769  2.00  0.0500
  49   In(2+)      3.060956E+00  -7.375073E-01   1.051983E+00  -8.829579E-01       0.999192     0.1766  2.00  0.0499
  49   In(3+)      3.059810E+00  -7.362354E-01   1.047668E+00  -8.787108E-01       0.999197     0.1762  2.00  0.0497
  50   Sn(2+)      3.307878E+00  -9.286963E-01   1.563479E+00  -1.303353E+00       0.999078     0.1833  2.00  0.0549
  50   Sn(4+)      3.304141E+00  -9.249494E-01   1.551751E+00  -1.292371E+00       0.999088     0.1826  2.00  0.0546
  51   Sb(3+)      3.557844E+00  -1.117949E+00   2.057885E+00  -1.701231E+00       0.999006     0.1842  2.00  0.0586
  51   Sb(5+)      3.551943E+00  -1.112368E+00   2.041292E+00  -1.686232E+00       0.999018     0.1836  2.00  0.0583
  52   Te(2+)      3.806995E+00  -1.302699E+00   2.530705E+00  -2.074370E+00       0.998980     0.1794  2.00  0.0611
  52   Te(4+)      3.804494E+00  -1.300319E+00   2.523632E+00  -2.068150E+00       0.998985     0.1791  2.00  0.0610
  52   Te(5+)      3.800854E+00  -1.296993E+00   2.514050E+00  -2.059695E+00       0.998990     0.1789  2.00  0.0608
  52   Te(6+)      3.796340E+00  -1.292890E+00   2.502294E+00  -2.049356E+00       0.998997     0.1788  2.00  0.0606
  53   I(1+)       4.046917E+00  -1.475763E+00   2.962851E+00  -2.407153E+00       0.999009     0.1682  2.00  0.0623
  53   I(3+)       4.045039E+00  -1.474024E+00   2.957817E+00  -2.402814E+00       0.999012     0.1680  2.00  0.0622
  53   I(5+)       4.040975E+00  -1.470346E+00   2.947351E+00  -2.393859E+00       0.999018     0.1678  2.00  0.0621
  53   I(7+)       4.030713E+00  -1.461252E+00   2.921907E+00  -2.371918E+00       0.999028     0.1679  2.00  0.0617
  53   I(1-)       4.047145E+00  -1.476004E+00   2.963614E+00  -2.407822E+00       0.999008     0.1683  2.00  0.0624
  54   Xe(2+)      4.269933E+00  -1.630992E+00   3.339120E+00  -2.687879E+00       0.999092     0.1506  2.00  0.0618
  54   Xe(4+)      4.266708E+00  -1.628134E+00   3.331156E+00  -2.681180E+00       0.999096     0.1504  2.00  0.0617
  54   Xe(6+)      4.260993E+00  -1.623136E+00   3.317378E+00  -2.669649E+00       0.999102     0.1503  2.00  0.0615
  54   Xe(8+)      4.249009E+00  -1.612760E+00   3.288975E+00  -2.645618E+00       0.999108     0.1511  2.00  0.0613
  55   Cs(1+)      4.473328E+00  -1.766776E+00   3.657204E+00  -2.915836E+00       0.999213     0.1386  6.00  0.0595
  56   Ba(2+)      4.648832E+00  -1.876495E+00   3.900599E+00  -3.078340E+00       0.999359     0.1361  6.00  0.0556
  57   La(2+)      4.793295E+00  -1.957996E+00   4.065040E+00  -3.172940E+00       0.999509     0.1295  6.00  0.0505
  57   La(3+)      4.793839E+00  -1.958611E+00   4.066993E+00  -3.174670E+00       0.999508     0.1296  6.00  0.0505
  58   Ce(2+)      4.879953E+00  -1.993702E+00   4.114537E+00  -3.176541E+00       0.999636     0.1194  6.00  0.0444
  58   Ce(3+)      4.891271E+00  -2.001562E+00   4.131905E+00  -3.188667E+00       0.999639     0.1192  6.00  0.0443
  58   Ce(4+)      4.905808E+00  -2.011568E+00   4.153805E+00  -3.203815E+00       0.999642     0.1190  6.00  0.0441
  59   Pr(2+)      4.948897E+00  -2.012470E+00   4.115436E+00  -3.137938E+00       0.999738     0.1062  6.00  0.0384
  59   Pr(3+)      4.958060E+00  -2.018486E+00   4.127919E+00  -3.146006E+00       0.999740     0.1058  6.00  0.0384
  59   Pr(4+)      4.969768E+00  -2.026082E+00   4.143452E+00  -3.155883E+00       0.999742     0.1053  6.00  0.0385
  60   Nd(2+)      4.988475E+00  -2.006696E+00   4.052356E+00  -3.047487E+00       0.999805     0.0902  6.00  0.0348
  60   Nd(3+)      4.995556E+00  -2.010950E+00   4.060211E+00  -3.051744E+00       0.999805     0.0895  6.00  0.0349
  61   Pm(3+)      5.005648E+00  -1.980926E+00   3.934899E+00  -2.911604E+00       0.999835     0.0754  2.00  0.0328
  62   Sm(2+)      4.987453E+00  -1.929673E+00   3.759268E+00  -2.734284E+00       0.999835     0.1054  2.00  0.0322
  62   Sm(3+)      4.990635E+00  -1.930684E+00   3.758745E+00  -2.731738E+00       0.999831     0.1082  2.00  0.0325
  63   Eu(2+)      4.951696E+00  -1.863127E+00   3.543089E+00  -2.523984E+00       0.999805     0.1358  2.00  0.0336
  63   Eu(3+)      4.953102E+00  -1.862691E+00   3.538896E+00  -2.518508E+00       0.999799     0.1385  2.00  0.0340
  64   Gd(1+)      4.895472E+00  -1.778982E+00   3.280838E+00  -2.276645E+00       0.999747     0.1660  2.00  0.0381
  64   Gd(2+)      4.895764E+00  -1.779252E+00   3.281609E+00  -2.277349E+00       0.999748     0.1658  2.00  0.0381
  64   Gd(3+)      4.895814E+00  -1.779519E+00   3.282654E+00  -2.278306E+00       0.999747     0.1658  2.00  0.0381
  65   Tb(1+)      4.822976E+00  -1.686330E+00   3.006606E+00  -2.026768E+00       0.999691     0.1872  2.00  0.0442
  65   Tb(3+)      4.821614E+00  -1.683758E+00   2.997264E+00  -2.017388E+00       0.999683     0.1896  2.00  0.0448
  65   Tb(4+)      4.819419E+00  -1.679989E+00   2.983885E+00  -2.004114E+00       0.999672     0.1927  2.00  0.0458
  66   Dy(2+)      4.736367E+00  -1.581899E+00   2.702583E+00  -1.753929E+00       0.999623     0.2071  2.00  0.0519
  66   Dy(3+)      4.733359E+00  -1.577977E+00   2.689802E+00  -1.741786E+00       0.999614     0.2095  2.00  0.0527
  67   Ho(3+)      4.633854E+00  -1.464660E+00   2.367027E+00  -1.457202E+00       0.999547     0.2252  2.00  0.0601
  68   Er(3+)      4.525794E+00  -1.346165E+00   2.035283E+00  -1.168926E+00       0.999488     0.2366  2.00  0.0669
  69   Tm(2+)      4.417630E+00  -1.230739E+00   1.718061E+00  -8.974075E-01       0.999449     0.2422  2.00  0.0721
  69   Tm(3+)      4.411741E+00  -1.224704E+00   1.700458E+00  -8.818126E-01       0.999441     0.2438  2.00  0.0728
  70   Yb(2+)      4.300607E+00  -1.108772E+00   1.386360E+00  -6.163455E-01       0.999416     0.2454  2.00  0.0772
  70   Yb(3+)      4.294098E+00  -1.102327E+00   1.367938E+00  -6.002578E-01       0.999408     0.2466  2.00  0.0778
  71   Lu(3+)      4.175074E+00  -9.808956E-01   1.042556E+00  -3.281525E-01       0.999392     0.2453  2.00  0.0816
  72   Hf(2+)      4.046721E+00  -8.523656E-01   7.014683E-01  -4.589730E-02       0.999384     0.2409  2.00  0.0845
  72   Hf(3+)      4.047042E+00  -8.527760E-01   7.026677E-01  -4.686072E-02       0.999384     0.2408  2.00  0.0845
  72   Hf(4+)      4.047727E+00  -8.535729E-01   7.049624E-01  -4.873201E-02       0.999384     0.2406  2.00  0.0845
  73   Ta(2+)      3.918962E+00  -7.266252E-01   3.727057E-01   2.225300E-01       0.999393     0.2319  2.00  0.0862
  73   Ta(3+)      3.919252E+00  -7.269877E-01   3.737438E-01   2.217150E-01       0.999393     0.2318  2.00  0.0861
  73   Ta(4+)      3.919910E+00  -7.277287E-01   3.758337E-01   2.200393E-01       0.999394     0.2316  2.00  0.0861
  73   Ta(5+)      3.920999E+00  -7.289021E-01   3.791174E-01   2.173842E-01       0.999394     0.2314  2.00  0.0861
  74   W(1+)       3.793099E+00  -6.046622E-01   5.871124E-02   4.751964E-01       0.999419     0.2182  2.00  0.0866
  74   W(2+)       3.793577E+00  -6.050168E-01   5.958064E-02   4.744876E-01       0.999419     0.2185  2.00  0.0866
  74   W(3+)       3.793858E+00  -6.053564E-01   6.053221E-02   4.737547E-01       0.999419     0.2184  2.00  0.0866
  74   W(4+)       3.794515E+00  -6.060697E-01   6.250337E-02   4.721970E-01       0.999419     0.2182  2.00  0.0866
  74   W(5+)       3.795611E+00  -6.072120E-01   6.563873E-02   4.696954E-01       0.999420     0.2180  2.00  0.0865
  74   W(6+)       3.797199E+00  -6.088265E-01   7.004992E-02   4.661591E-01       0.999420     0.2177  2.00  0.0864
  75   Re(1+)      3.672254E+00  -4.889983E-01  -2.341221E-01   7.069819E-01       0.999459     0.2005  2.00  0.0855
  75   Re(2+)      3.672625E+00  -4.892548E-01  -2.335237E-01   7.065046E-01       0.999459     0.2008  2.00  0.0856
  75   Re(3+)      3.672917E+00  -4.895906E-01  -2.326032E-01   7.058053E-01       0.999459     0.2007  2.00  0.0855
  75   Re(4+)      3.673592E+00  -4.902973E-01  -2.306880E-01   7.043099E-01       0.999459     0.2005  2.00  0.0855
  75   Re(5+)      3.674715E+00  -4.914295E-01  -2.276363E-01   7.019033E-01       0.999459     0.2002  2.00  0.0854
  75   Re(6+)      3.676339E+00  -4.930313E-01  -2.233354E-01   6.984944E-01       0.999460     0.1999  2.00  0.0854
  75   Re(7+)      3.678507E+00  -4.951392E-01  -2.176934E-01   6.940105E-01       0.999461     0.1996  2.00  0.0853
  76   Os(1+)      3.557815E+00  -3.807871E-01  -5.029125E-01   9.157017E-01       0.999510     0.1859  6.00  0.0828
  76   Os(2+)      3.558044E+00  -3.809172E-01  -5.026556E-01   9.155130E-01       0.999510     0.1859  6.00  0.0829
  76   Os(3+)      3.558362E+00  -3.812645E-01  -5.017231E-01   9.148099E-01       0.999510     0.1859  6.00  0.0829
  76   Os(4+)      3.559073E+00  -3.819815E-01  -4.998143E-01   9.133334E-01       0.999510     0.1858  6.00  0.0828
  76   Os(5+)      3.560239E+00  -3.831205E-01  -4.967956E-01   9.109761E-01       0.999511     0.1857  6.00  0.0828
  76   Os(6+)      3.561910E+00  -3.847244E-01  -4.925580E-01   9.076515E-01       0.999511     0.1855  6.00  0.0827
  76   Os(7+)      3.564132E+00  -3.868289E-01  -4.870127E-01   9.032897E-01       0.999512     0.1853  6.00  0.0826
  76   Os(8+)      3.566944E+00  -3.894665E-01  -4.800798E-01   8.978287E-01       0.999513     0.1851  6.00  0.0825
  77   Ir(1+)      3.451573E+00  -2.814509E-01  -7.441790E-01   1.098718E+00       0.999570     0.1863  6.00  0.0790
  77   Ir(2+)      3.451623E+00  -2.814273E-01  -7.443307E-01   1.098872E+00       0.999569     0.1864  6.00  0.0791
  77   Ir(3+)      3.451982E+00  -2.817994E-01  -7.433494E-01   1.098134E+00       0.999569     0.1863  6.00  0.0791
  77   Ir(4+)      3.452743E+00  -2.825407E-01  -7.414074E-01   1.096642E+00       0.999569     0.1863  6.00  0.0790
  77   Ir(5+)      3.453964E+00  -2.837001E-01  -7.383811E-01   1.094298E+00       0.999570     0.1861  6.00  0.0790
  77   Ir(6+)      3.455694E+00  -2.853175E-01  -7.341707E-01   1.091024E+00       0.999570     0.1860  6.00  0.0789
  78   Pt(2+)      3.354995E+00  -1.920505E-01  -9.555437E-01   1.254373E+00       0.999632     0.1835  6.00  0.0745
  78   Pt(4+)      3.356232E+00  -1.932356E-01  -9.524756E-01   1.252038E+00       0.999633     0.1834  6.00  0.0744
  78   Pt(5+)      3.357519E+00  -1.944258E-01  -9.494112E-01   1.249681E+00       0.999633     0.1832  6.00  0.0744
  78   Pt(6+)      3.359315E+00  -1.960659E-01  -9.451996E-01   1.246432E+00       0.999634     0.1831  6.00  0.0743
  79   Au(1+)      3.269496E+00  -1.137426E-01  -1.134151E+00   1.380514E+00       0.999695     0.1773  6.00  0.0687
  79   Au(2+)      3.269617E+00  -1.138779E-01  -1.133796E+00   1.380257E+00       0.999696     0.1773  6.00  0.0687
  79   Au(3+)      3.270096E+00  -1.143320E-01  -1.132629E+00   1.379375E+00       0.999696     0.1772  6.00  0.0686
  79   Au(5+)      3.272353E+00  -1.163824E-01  -1.127406E+00   1.375384E+00       0.999697     0.1770  6.00  0.0685
  80   Hg(1+)      3.197419E+00  -4.843539E-02  -1.275418E+00   1.473802E+00       0.999757     0.1675  6.00  0.0615
  80   Hg(2+)      3.196761E+00  -4.782234E-02  -1.277103E+00   1.475220E+00       0.999756     0.1677  6.00  0.0616
  81   Tl(1+)      3.139998E+00   3.146522E-03  -1.378027E+00   1.533493E+00       0.999810     0.1542  6.00  0.0549
  81   Tl(3+)      3.138135E+00   4.819926E-03  -1.382572E+00   1.537317E+00       0.999808     0.1549  6.00  0.0552
  82   Pb(2+)      3.097328E+00   4.117614E-02  -1.443011E+00   1.560863E+00       0.999852     0.1380  6.00  0.0495
  82   Pb(4+)      3.094573E+00   4.359485E-02  -1.449535E+00   1.566357E+00       0.999850     0.1389  6.00  0.0497
  83   Bi(3+)      3.070596E+00   6.483999E-02  -1.468744E+00   1.554973E+00       0.999879     0.1188  6.00  0.0458
  83   Bi(5+)      3.066750E+00   6.815923E-02  -1.477638E+00   1.562453E+00       0.999878     0.1200  6.00  0.0460
  84   Po(2+)      3.060021E+00   7.414963E-02  -1.455716E+00   1.516577E+00       0.999889     0.1071  2.00  0.0436
  84   Po(4+)      3.060172E+00   7.405859E-02  -1.455583E+00   1.516536E+00       0.999890     0.1064  2.00  0.0435
  84   Po(6+)      3.055057E+00   7.841517E-02  -1.467185E+00   1.526267E+00       0.999889     0.1045  2.00  0.0436
  85   At(1+)      3.066270E+00   6.881312E-02  -1.403793E+00   1.446007E+00       0.999881     0.1498  2.00  0.0432
  85   At(3+)      3.066259E+00   6.884838E-02  -1.403965E+00   1.446202E+00       0.999881     0.1493  2.00  0.0431
  85   At(5+)      3.066127E+00   6.900940E-02  -1.404557E+00   1.446813E+00       0.999882     0.1483  2.00  0.0430
  85   At(7+)      3.059603E+00   7.450460E-02  -1.419102E+00   1.458972E+00       0.999883     0.1466  2.00  0.0431
  85   At(1-)      3.066335E+00   6.875102E-02  -1.403613E+00   1.445852E+00       0.999881     0.1499  2.00  0.0432
  87   Fr(1+)      3.128237E+00   1.599830E-02  -1.190265E+00   1.215783E+00       0.999808     0.2319  2.00  0.0507
  88   Ra(2+)      3.182523E+00  -2.982439E-02  -1.034077E+00   1.061384E+00       0.999747     0.2696  2.00  0.0591
  89   Ac(3+)      3.250952E+00  -8.714743E-02  -8.493779E-01   8.849323E-01       0.999672     0.3040  2.00  0.0697
  90   Th(2+)      3.330367E+00  -1.531311E-01  -6.445405E-01   6.941240E-01       0.999591     0.3338  2.00  0.0805
  90   Th(3+)      3.330828E+00  -1.534735E-01  -6.437886E-01   6.936103E-01       0.999592     0.3336  2.00  0.0804
  90   Th(4+)      3.332139E+00  -1.546229E-01  -6.401361E-01   6.900160E-01       0.999589     0.3345  2.00  0.0808
  91   Pa(3+)      3.421254E+00  -2.279432E-01  -4.193667E-01   4.888749E-01       0.999507     0.3588  2.00  0.0907
  91   Pa(4+)      3.422794E+00  -2.292779E-01  -4.152598E-01   4.849369E-01       0.999504     0.3595  2.00  0.0911
  91   Pa(5+)      3.424495E+00  -2.307541E-01  -4.106423E-01   4.804499E-01       0.999501     0.3603  2.00  0.0915
  92   U(3+)       3.520632E+00  -3.090863E-01  -1.802649E-01   2.743405E-01       0.999423     0.3795  2.00  0.1010
  92   U(4+)       3.522340E+00  -3.105548E-01  -1.758391E-01   2.701711E-01       0.999420     0.3799  2.00  0.1013
  92   U(5+)       3.524214E+00  -3.121681E-01  -1.709011E-01   2.654603E-01       0.999417     0.3804  2.00  0.1017
  92   U(6+)       3.526178E+00  -3.138623E-01  -1.656330E-01   2.603709E-01       0.999413     0.3809  2.00  0.1022
  93   Np(3+)      3.627414E+00  -3.954879E-01   6.960045E-02   5.339338E-02       0.999344     0.3952  2.00  0.1102
  93   Np(4+)      3.629228E+00  -3.970366E-01   7.420295E-02   4.911170E-02       0.999341     0.3954  2.00  0.1105
  93   Np(5+)      3.631196E+00  -3.987213E-01   7.928742E-02   4.432234E-02       0.999338     0.3956  2.00  0.1108
  93   Np(6+)      3.633241E+00  -4.004767E-01   8.467195E-02   3.918495E-02       0.999335     0.3957  2.00  0.1112
  93   Np(7+)      3.635305E+00  -4.022524E-01   9.021784E-02   3.381969E-02       0.999332     0.3958  2.00  0.1115
  94   Pu(3+)      3.739934E+00  -4.856648E-01   3.261420E-01  -1.704846E-01       0.999273     0.4059  2.00  0.1184
  94   Pu(4+)      3.741790E+00  -4.872398E-01   3.307790E-01  -1.747595E-01       0.999270     0.4058  2.00  0.1187
  94   Pu(5+)      3.743777E+00  -4.889323E-01   3.358427E-01  -1.794882E-01       0.999268     0.4057  2.00  0.1190
  94   Pu(6+)      3.745818E+00  -4.906771E-01   3.411543E-01  -1.845160E-01       0.999266     0.4055  2.00  0.1192
  94   Pu(7+)      3.747850E+00  -4.924218E-01   3.465723E-01  -1.897220E-01       0.999264     0.4051  2.00  0.1195
  95   Am(2+)      3.854983E+00  -5.768492E-01   5.816431E-01  -3.905427E-01       0.999215     0.4117  2.00  0.1253
  95   Am(3+)      3.856608E+00  -5.782158E-01   5.855758E-01  -3.940963E-01       0.999213     0.4114  2.00  0.1255
  95   Am(4+)      3.858442E+00  -5.797645E-01   5.901089E-01  -3.982490E-01       0.999212     0.4111  2.00  0.1256
  95   Am(5+)      3.860376E+00  -5.814044E-01   5.949932E-01  -4.027853E-01       0.999211     0.4106  2.00  0.1258
  95   Am(6+)      3.862331E+00  -5.830713E-01   6.000558E-01  -4.075576E-01       0.999209     0.4100  2.00  0.1260
  96   Cm(3+)      3.975850E+00  -6.717617E-01   8.442167E-01  -6.143671E-01       0.999169     0.4117  2.00  0.1310
  96   Cm(4+)      3.977603E+00  -6.732341E-01   8.485144E-01  -6.182881E-01       0.999168     0.4111  2.00  0.1311
  97   Bk(3+)      4.096114E+00  -7.649790E-01   1.098569E+00  -8.284215E-01       0.999141     0.4068  2.00  0.1352
  97   Bk(4+)      4.097728E+00  -7.663287E-01   1.102511E+00  -8.320118E-01       0.999141     0.4060  2.00  0.1352
  98   Cf(2+)      4.214564E+00  -8.554997E-01   1.342180E+00  -1.030757E+00       0.999130     0.3978  2.00  0.1384
  98   Cf(3+)      4.215934E+00  -8.566319E-01   1.345419E+00  -1.033654E+00       0.999130     0.3969  2.00  0.1384
  98   Cf(4+)      4.217360E+00  -8.578179E-01   1.348900E+00  -1.036827E+00       0.999131     0.3958  2.00  0.1384
  99   Es(2+)      4.332743E+00  -9.445951E-01   1.579026E+00  -1.225207E+00       0.999136     0.3832  2.00  0.1404
  99   Es(3+)      4.333939E+00  -9.455759E-01   1.581844E+00  -1.227728E+00       0.999138     0.3821  2.00  0.1404
 100   Fm(2+)      4.447870E+00  -1.029969E+00   1.802901E+00  -1.406508E+00       0.999160     0.3640  2.00  0.1408
 100   Fm(3+)      4.448856E+00  -1.030770E+00   1.805224E+00  -1.408595E+00       0.999162     0.3628  2.00  0.1407
 101   Md(2+)      4.558780E+00  -1.110682E+00   2.011490E+00  -1.572887E+00       0.999199     0.3405  2.00  0.1395
 101   Md(3+)      4.559526E+00  -1.111280E+00   2.013261E+00  -1.574493E+00       0.999201     0.3391  2.00  0.1394
 102   No(2+)      4.664431E+00  -1.185915E+00   2.202827E+00  -1.722882E+00       0.999251     0.3131  2.00  0.1367
 102   No(3+)      4.664914E+00  -1.186292E+00   2.204003E+00  -1.723974E+00       0.999254     0.3116  2.00  0.1365
 103   Lr(3+)      4.764121E+00  -1.255115E+00   2.375843E+00  -1.855895E+00       0.999316     0.3078  6.00  0.1324
 104   Rf(4+)      4.856023E+00  -1.316872E+00   2.526964E+00  -1.969090E+00       0.999389     0.3058  6.00  0.1276
 105   Db(5+)      4.939317E+00  -1.370597E+00   2.654912E+00  -2.061630E+00       0.999467     0.3003  6.00  0.1213
 106   Sg(6+)      5.013394E+00  -1.415882E+00   2.758904E+00  -2.133103E+00       0.999544     0.2914  6.00  0.1134
 107   Bh(7+)      5.077861E+00  -1.452507E+00   2.838656E+00  -2.183517E+00       0.999619     0.2792  6.00  0.1045
 108   Hs(8+)      5.132490E+00  -1.480390E+00   2.894253E+00  -2.213186E+00       0.999688     0.2638  6.00  0.0957
 112   Cn(2+)      5.266429E+00  -1.517571E+00   2.914232E+00  -2.160435E+00       0.999856     0.1772  6.00  0.0697
